1	0	0	1792	1792	
9	0	896	896	896	
10	896	896	896	896	
11	0	0	896	896	
89	0	448	448	448	
90	448	448	448	448	
91	0	0	448	448	
729	0	224	224	224	
730	224	224	224	224	
731	0	0	224	224	0	1	2	3	4	5	40	
732	224	0	224	224	6	7	8	9	10	11	41	
92	448	0	448	448	
737	448	224	224	224	
738	672	224	224	224	
739	448	0	224	224	12	13	14	15	16	17	41	
740	672	0	224	224	17	18	19	20	21	22	42	
12	896	0	896	896	
97	896	448	448	448	
98	1344	448	448	448	
99	896	0	448	448	
793	896	224	224	224	
794	1120	224	224	224	
795	896	0	224	224	23	24	25	26	43	
796	1120	0	224	224	27	28	29	30	31	32	33	39	44	
100	1344	0	448	448	
801	1344	224	224	224	
802	1568	224	224	224	
803	1344	0	224	224	34	35	36	37	38	
804	1568	0	224	224