1	0	0	3328	3328	
9	0	1664	1664	1664	
10	1664	1664	1664	1664	
11	0	0	1664	1664	
89	0	832	832	832	
90	832	832	832	832	
91	0	0	832	832	
729	0	416	416	416	
730	416	416	416	416	
731	0	0	416	416	
5849	0	208	208	208	
5850	208	208	208	208	
5851	0	0	208	208	0	1	2	3	4	5	6	
5852	208	0	208	208	6	7	8	9	10	11	12	
732	416	0	416	416	
5857	416	208	208	208	
5858	624	208	208	208	
5859	416	0	208	208	13	14	15	16	17	18	19	
5860	624	0	208	208	19	20	21	22	23	24	25	
92	832	0	832	832	
737	832	416	416	416	
738	1248	416	416	416	
739	832	0	416	416	
5913	832	208	208	208	
5914	1040	208	208	208	
5915	832	0	208	208	26	27	28	29	30	31	32	
5916	1040	0	208	208	32	33	34	35	36	37	38	
740	1248	0	416	416	
5921	1248	208	208	208	
5922	1456	208	208	208	
5923	1248	0	208	208	39	40	41	42	43	44	45	
5924	1456	0	208	208	45	46	47	48	49	50	51	
12	1664	0	1664	1664	
97	1664	832	832	832	
98	2496	832	832	832	
99	1664	0	832	832	
793	1664	416	416	416	
794	2080	416	416	416	
795	1664	0	416	416	
6361	1664	208	208	208	
6362	1872	208	208	208	
6363	1664	0	208	208	52	53	54	55	56	57	58	
6364	1872	0	208	208	58	59	60	61	62	63	66	
796	2080	0	416	416	
6369	2080	208	208	208	
6370	2288	208	208	208	
6371	2080	0	208	208	64	65	
6372	2288	0	208	208	
100	2496	0	832	832