1	0	0	5760	5760	
9	0	2880	2880	2880	
10	2880	2880	2880	2880	
11	0	0	2880	2880	
89	0	1440	1440	1440	
90	1440	1440	1440	1440	
91	0	0	1440	1440	
729	0	720	720	720	
730	720	720	720	720	
731	0	0	720	720	
5849	0	360	360	360	
5850	360	360	360	360	
5851	0	0	360	360	
46809	0	180	180	180	108	
46810	180	180	180	180	108	
46811	0	0	180	180	0	1	2	3	4	5	107	
46812	180	0	180	180	5	6	7	8	9	10	11	109	121	
5852	360	0	360	360	
46817	360	180	180	180	110	
46818	540	180	180	180	112	
46819	360	0	180	180	11	12	13	14	15	16	121	122	123	
46820	540	0	180	180	16	17	18	19	20	21	22	111	
732	720	0	720	720	
5857	720	360	360	360	
5858	1080	360	360	360	
5859	720	0	360	360	
46873	720	180	180	180	
46874	900	180	180	180	114	
46875	720	0	180	180	22	23	24	25	26	27	28	113	
46876	900	0	180	180	28	29	30	31	32	33	115	
5860	1080	0	360	360	
46881	1080	180	180	180	
46882	1260	180	180	180	116	131	132	133	
46883	1080	0	180	180	33	34	35	36	37	38	39	115	130	
46884	1260	0	180	180	39	40	41	42	43	44	130	
92	1440	0	1440	1440	
737	1440	720	720	720	
738	2160	720	720	720	
739	1440	0	720	720	
5913	1440	360	360	360	
5914	1800	360	360	360	
5915	1440	0	360	360	
47321	1440	180	180	180	131	132	134	
47322	1620	180	180	180	118	119	
47323	1440	0	180	180	45	46	47	48	49	50	117	
47324	1620	0	180	180	50	51	52	53	54	55	56	
5916	1800	0	360	360	
47329	1800	180	180	180	119	120	
47330	1980	180	180	180	
47331	1800	0	180	180	56	57	58	59	60	61	
47332	1980	0	180	180	61	62	63	64	65	66	67	124	
740	2160	0	720	720	
5921	2160	360	360	360	
5922	2520	360	360	360	
5923	2160	0	360	360	
47385	2160	180	180	180	
47386	2340	180	180	180	128	129	
47387	2160	0	180	180	67	68	69	70	71	72	73	125	
47388	2340	0	180	180	73	74	75	76	77	78	126	127	
5924	2520	0	360	360	
47393	2520	180	180	180	129	
47394	2700	180	180	180	
47395	2520	0	180	180	78	79	80	81	82	83	84	
47396	2700	0	180	180	84	85	86	87	88	89	
12	2880	0	2880	2880	
97	2880	1440	1440	1440	
98	4320	1440	1440	1440	
99	2880	0	1440	1440	
793	2880	720	720	720	
794	3600	720	720	720	
795	2880	0	720	720	
6361	2880	360	360	360	
6362	3240	360	360	360	
6363	2880	0	360	360	
50905	2880	180	180	180	
50906	3060	180	180	180	
50907	2880	0	180	180	90	91	92	93	94	95	
50908	3060	0	180	180	95	96	97	98	99	100	
6364	3240	0	360	360	
50913	3240	180	180	180	
50914	3420	180	180	180	
50915	3240	0	180	180	100	101	102	103	104	
50916	3420	0	180	180	104	105	106	
796	3600	0	720	720	
100	4320	0	1440	1440