1	0	0	1280	1280	
9	0	640	640	640	
10	640	640	640	640	
11	0	0	640	640	
89	0	320	320	320	
713	0	480	160	160	
714	160	480	160	160	
715	0	320	160	160	
716	160	320	160	160	24	
90	320	320	320	320	
721	320	480	160	160	
722	480	480	160	160	
723	320	320	160	160	40	
724	480	320	160	160	41	
91	0	0	320	320	
729	0	160	160	160	2	3	4	43	
730	160	160	160	160	0	5	6	7	8	10	14	15	
731	0	0	160	160	
732	160	0	160	160	
92	320	0	320	320	
737	320	160	160	160	9	11	12	13	25	28	
738	480	160	160	160	16	17	
739	320	0	160	160	30	31	32	
740	480	0	160	160	32	33	34	35	36	
12	640	0	640	640	
97	640	320	320	320	
777	640	480	160	160	
778	800	480	160	160	
779	640	320	160	160	23	42	44	
780	800	320	160	160	39	44	
98	960	320	320	320	
99	640	0	320	320	
793	640	160	160	160	18	19	20	26	29	
794	800	160	160	160	1	20	21	22	27	29	
795	640	0	160	160	36	37	38	
796	800	0	160	160	
100	960	0	320	320
