1	0	0	2816	2816	
9	0	1408	1408	1408	
10	1408	1408	1408	1408	
11	0	0	1408	1408	
89	0	704	704	704	
90	704	704	704	704	
91	0	0	704	704	
729	0	352	352	352	
730	352	352	352	352	
731	0	0	352	352	
5849	0	176	176	176	6	
5850	176	176	176	176	6	
5851	0	0	176	176	
5852	176	0	176	176	
732	352	0	352	352	
5857	352	176	176	176	6	
5858	528	176	176	176	2	5	6	
5859	352	0	176	176	
5860	528	0	176	176	
92	704	0	704	704	
737	704	352	352	352	
738	1056	352	352	352	
739	704	0	352	352	
5913	704	176	176	176	2	
5914	880	176	176	176	2	
5915	704	0	176	176	
5916	880	0	176	176	
740	1056	0	352	352	
5921	1056	176	176	176	2	
5922	1232	176	176	176	2	
5923	1056	0	176	176	
5924	1232	0	176	176	
12	1408	0	1408	1408	
97	1408	704	704	704	
98	2112	704	704	704	
99	1408	0	704	704	
793	1408	352	352	352	
794	1760	352	352	352	
795	1408	0	352	352	
6361	1408	176	176	176	0	2	
6362	1584	176	176	176	0	1	2	3	9	
6363	1408	0	176	176	
6364	1584	0	176	176	
796	1760	0	352	352	
6369	1760	176	176	176	3	4	
6370	1936	176	176	176	4	
6371	1760	0	176	176	
6372	1936	0	176	176	
100	2112	0	704	704	
801	2112	352	352	352	
802	2464	352	352	352	
803	2112	0	352	352	
6425	2112	176	176	176	8	
6426	2288	176	176	176	8	
6427	2112	0	176	176	7	
6428	2288	0	176	176	
804	2464	0	352	352