1	0	0	3328	3328	
9	0	1664	1664	1664	
10	1664	1664	1664	1664	
11	0	0	1664	1664	
89	0	832	832	832	
90	832	832	832	832	
91	0	0	832	832	
729	0	416	416	416	
730	416	416	416	416	
731	0	0	416	416	
5849	0	208	208	208	
5850	208	208	208	208	
5851	0	0	208	208	13	
5852	208	0	208	208	13	14	16	
732	416	0	416	416	
5857	416	208	208	208	12	15	
5858	624	208	208	208	12	
5859	416	0	208	208	13	14	
5860	624	0	208	208	13	
92	832	0	832	832	
737	832	416	416	416	
738	1248	416	416	416	
739	832	0	416	416	
5913	832	208	208	208	12	
5914	1040	208	208	208	12	
5915	832	0	208	208	11	13	
5916	1040	0	208	208	11	
740	1248	0	416	416	
5921	1248	208	208	208	12	
5922	1456	208	208	208	12	
5923	1248	0	208	208	10	11	
5924	1456	0	208	208	10	11	
12	1664	0	1664	1664	
97	1664	832	832	832	
98	2496	832	832	832	
99	1664	0	832	832	
793	1664	416	416	416	
794	2080	416	416	416	
795	1664	0	416	416	
6361	1664	208	208	208	7	
6362	1872	208	208	208	7	
6363	1664	0	208	208	8	9	
6364	1872	0	208	208	6	8	
796	2080	0	416	416	
6369	2080	208	208	208	4	
6370	2288	208	208	208	4	
6371	2080	0	208	208	5	6	
6372	2288	0	208	208	0	5	
100	2496	0	832	832	
801	2496	416	416	416	
802	2912	416	416	416	
803	2496	0	416	416	
6425	2496	208	208	208	1	
6426	2704	208	208	208	3	
6427	2496	0	208	208	0	2	
6428	2704	0	208	208	0	2	
804	2912	0	416	416	
6433	2912	208	208	208	3	
6434	3120	208	208	208	
6435	2912	0	208	208	0	
6436	3120	0	208	208