1	0	0	2816	2816	
9	0	1408	1408	1408	
10	1408	1408	1408	1408	
11	0	0	1408	1408	
89	0	704	704	704	
90	704	704	704	704	
91	0	0	704	704	
729	0	352	352	352	
5833	0	528	176	176	
5834	176	528	176	176	
5835	0	352	176	176	18	
5836	176	352	176	176	18	29	38	
730	352	352	352	352	
5841	352	528	176	176	
5842	528	528	176	176	
5843	352	352	176	176	29	37	
5844	528	352	176	176	
731	0	0	352	352	
5849	0	176	176	176	16	17	19	23	39	
5850	176	176	176	176	16	
5851	0	0	176	176	
5852	176	0	176	176	
732	352	0	352	352	
5857	352	176	176	176	16	21	
5858	528	176	176	176	14	15	16	20	
5859	352	0	176	176	40	41	
5860	528	0	176	176	41	42	43	44	45	
92	704	0	704	704	
737	704	352	352	352	
5897	704	528	176	176	
5898	880	528	176	176	
5899	704	352	176	176	
5900	880	352	176	176	35	
738	1056	352	352	352	
5905	1056	528	176	176	
5906	1232	528	176	176	
5907	1056	352	176	176	33	
5908	1232	352	176	176	
739	704	0	352	352	
5913	704	176	176	176	14	36	
5914	880	176	176	176	14	34	
5915	704	0	176	176	24	45	46	
5916	880	0	176	176	
740	1056	0	352	352	
5921	1056	176	176	176	14	34	
5922	1232	176	176	176	14	28	
5923	1056	0	176	176	25	
5924	1232	0	176	176	
12	1408	0	1408	1408	
97	1408	704	704	704	
98	2112	704	704	704	
99	1408	0	704	704	
793	1408	352	352	352	
6345	1408	528	176	176	
6346	1584	528	176	176	
6347	1408	352	176	176	32	
6348	1584	352	176	176	
794	1760	352	352	352	
6353	1760	528	176	176	
6354	1936	528	176	176	
6355	1760	352	176	176	
6356	1936	352	176	176	31	
795	1408	0	352	352	
6361	1408	176	176	176	14	
6362	1584	176	176	176	13	14	22	
6363	1408	0	176	176	47	48	
6364	1584	0	176	176	48	49	50	51	52	53	
796	1760	0	352	352	
6369	1760	176	176	176	12	13	
6370	1936	176	176	176	12	30	
6371	1760	0	176	176	53	54	55	56	
6372	1936	0	176	176	57	58	59	60	
100	2112	0	704	704	
801	2112	352	352	352	
6409	2112	528	176	176	
6410	2288	528	176	176	
6411	2112	352	176	176	27	
6412	2288	352	176	176	
802	2464	352	352	352	
803	2112	0	352	352	
6425	2112	176	176	176	4	5	7	8	
6426	2288	176	176	176	1	4	26	
6427	2112	0	176	176	6	9	10	11	60	61	
6428	2288	0	176	176	0	3	9	
804	2464	0	352	352	
6433	2464	176	176	176	1	
6434	2640	176	176	176	
6435	2464	0	176	176	2	
6436	2640	0	176	176