1	0	0	5760	5760	
9	0	2880	2880	2880	
10	2880	2880	2880	2880	
11	0	0	2880	2880	
89	0	1440	1440	1440	
90	1440	1440	1440	1440	
91	0	0	1440	1440	
729	0	720	720	720	
730	720	720	720	720	
731	0	0	720	720	
5849	0	360	360	360	
5850	360	360	360	360	
5851	0	0	360	360	0	1	2	3	4	5	6	7	8	9	10	11	38	
5852	360	0	360	360	11	12	13	14	15	16	17	18	19	20	21	22	39	40	
732	720	0	720	720	
5857	720	360	360	360	
5858	1080	360	360	360	
5859	720	0	360	360	22	23	24	25	26	27	28	29	30	31	32	33	
5860	1080	0	360	360	33	34	35	36	37	
92	1440	0	1440	1440	
12	2880	0	2880	2880