0	0	16	368	0	0	32	32
1	1	48	368	32	0	32	32
2	2	80	368	64	0	32	32
3	3	112	368	96	0	32	32
4	4	144	368	128	0	32	32
5	5	176	368	160	0	32	32
6	0	208	368	0	0	32	32
7	1	240	368	32	0	32	32
8	0	272	368	0	0	32	32
9	1	304	368	32	0	32	32
10	2	336	368	64	0	32	32
11	3	368	368	96	0	32	32
12	4	400	368	128	0	32	32
13	5	432	368	160	0	32	32
14	0	464	368	0	0	32	32
15	1	496	368	32	0	32	32
16	0	528	368	0	0	32	32
17	1	560	368	32	0	32	32
18	2	592	368	64	0	32	32
19	3	624	368	96	0	32	32
20	6	656	368	192	0	32	32
21	7	688	368	224	0	32	32
22	0	720	368	0	0	32	32
23	1	752	368	32	0	32	32
24	0	784	368	0	0	32	32
25	1	816	368	32	0	32	32
26	2	848	368	64	0	32	32
27	3	880	368	96	0	32	32
28	4	912	368	128	0	32	32
29	5	944	368	160	0	32	32
30	0	976	368	0	0	32	32
31	1	1008	368	32	0	32	32
32	8	1040	368	256	0	32	32
33	9	1072	368	288	0	32	32
34	2	1104	368	64	0	32	32
35	3	1136	368	96	0	32	32
36	4	1168	368	128	0	32	32
37	5	1200	368	160	0	32	32
38	8	1232	368	256	0	32	32
39	9	1264	368	288	0	32	32
40	0	1296	368	0	0	32	32
41	1	1328	368	32	0	32	32
42	0	1360	368	0	0	32	32
43	1	1392	368	32	0	32	32
44	0	1424	368	0	0	32	32
45	1	1456	368	32	0	32	32
46	0	1488	368	0	0	32	32
47	1	1520	368	32	0	32	32
48	2	1552	368	64	0	32	32
49	3	1584	368	96	0	32	32
50	4	1616	368	128	0	32	32
51	5	1648	368	160	0	32	32
52	10	1680	368	320	0	32	32
53	10	1712	368	320	0	32	32
54	2	1744	368	64	0	32	32
55	3	1776	368	96	0	32	32
56	11	1808	368	352	0	32	32
57	12	1840	368	384	0	32	32
58	0	1872	368	0	0	32	32
59	1	1904	368	32	0	32	32
60	0	1936	368	0	0	32	32
61	1	1968	368	32	0	32	32
62	8	2000	368	256	0	32	32
63	9	2032	368	288	0	32	32
64	2	2064	368	64	0	32	32
65	3	2096	368	96	0	32	32
66	8	2128	368	256	0	32	32
67	9	2160	368	288	0	32	32
68	2	2192	368	64	0	32	32
69	3	2224	368	96	0	32	32
70	8	2256	368	256	0	32	32
71	9	2288	368	288	0	32	32
72	2	2320	368	64	0	32	32
73	3	2352	368	96	0	32	32
74	8	2384	368	256	0	32	32
75	9	2416	368	288	0	32	32
76	2	2448	368	64	0	32	32
77	3	2480	368	96	0	32	32
78	0	2512	368	0	0	32	32
79	1	2544	368	32	0	32	32
80	8	2576	368	256	0	32	32
81	9	2608	368	288	0	32	32
82	0	2640	368	0	0	32	32
83	1	2672	368	32	0	32	32
84	11	2704	368	352	0	32	32
85	12	2736	368	384	0	32	32
86	11	2768	368	352	0	32	32
87	12	2800	368	384	0	32	32
88	0	2832	368	0	0	32	32
89	1	2864	368	32	0	32	32
90	10	2896	368	320	0	32	32
91	10	2928	368	320	0	32	32
92	2	2960	368	64	0	32	32
93	3	2992	368	96	0	32	32
94	13	3024	368	416	0	32	32
95	14	3056	368	448	0	32	32
96	14	3088	368	448	0	32	32
97	15	3120	368	0	32	32	32
98	15	3152	368	0	32	32	32
99	15	3184	368	0	32	32	32
100	15	3216	368	0	32	32	32
101	15	3248	368	0	32	32	32
102	2	3280	368	64	0	32	32
103	3	3312	368	96	0	32	32
104	15	3344	368	0	32	32	32
105	15	3376	368	0	32	32	32
106	15	3408	368	0	32	32	32
107	15	3440	368	0	32	32	32
108	15	3472	368	0	32	32	32
109	15	3504	368	0	32	32	32
110	15	3536	368	0	32	32	32
111	15	3568	368	0	32	32	32
112	16	3600	368	32	32	32	32
113	17	3632	368	64	32	32	32
114	15	3664	368	0	32	32	32
115	15	3696	368	0	32	32	32
116	16	3728	368	32	32	32	32
117	17	3760	368	64	32	32	32
118	15	3792	368	0	32	32	32
119	15	3824	368	0	32	32	32
120	15	3856	368	0	32	32	32
121	15	3888	368	0	32	32	32
122	15	3920	368	0	32	32	32
123	15	3952	368	0	32	32	32
124	15	3984	368	0	32	32	32
125	15	4016	368	0	32	32	32
126	14	4048	368	448	0	32	32
127	14	4080	368	448	0	32	32
128	0	4112	368	0	0	32	32
129	1	4144	368	32	0	32	32
130	0	4176	368	0	0	32	32
131	1	4208	368	32	0	32	32
132	2	4240	368	64	0	32	32
133	3	4272	368	96	0	32	32
134	11	4304	368	352	0	32	32
135	12	4336	368	384	0	32	32
136	0	4368	368	0	0	32	32
137	1	4400	368	32	0	32	32
138	2	4432	368	64	0	32	32
139	3	4464	368	96	0	32	32
140	8	4496	368	256	0	32	32
141	9	4528	368	288	0	32	32
142	0	4560	368	0	0	32	32
143	1	4592	368	32	0	32	32
144	2	4624	368	64	0	32	32
145	3	4656	368	96	0	32	32
146	4	4688	368	128	0	32	32
147	5	4720	368	160	0	32	32
148	18	4752	368	96	32	32	32
149	19	4784	368	128	32	32	32
150	20	4816	368	160	32	32	32
151	21	4848	368	192	32	32	32
152	0	4880	368	0	0	32	32
153	1	4912	368	32	0	32	32
154	22	4944	368	224	32	32	32
155	23	4976	368	256	32	32	32
156	2	5008	368	64	0	32	32
157	3	5040	368	96	0	32	32
158	20	5072	368	160	32	32	32
159	21	5104	368	192	32	32	32
160	0	5136	368	0	0	32	32
161	1	5168	368	32	0	32	32
162	22	5200	368	224	32	32	32
163	23	5232	368	256	32	32	32
164	2	5264	368	64	0	32	32
165	3	5296	368	96	0	32	32
166	20	5328	368	160	32	32	32
167	21	5360	368	192	32	32	32
168	0	5392	368	0	0	32	32
169	1	5424	368	32	0	32	32
170	6	5456	368	192	0	32	32
171	7	5488	368	224	0	32	32
172	8	5520	368	256	0	32	32
173	9	5552	368	288	0	32	32
174	13	5584	368	416	0	32	32
175	14	5616	368	448	0	32	32
176	24	16	336	288	32	32	32
177	25	48	336	320	32	32	32
178	26	80	336	352	32	32	32
179	27	112	336	384	32	32	32
180	28	144	336	416	32	32	32
181	29	176	336	448	32	32	32
182	30	208	336	0	64	32	32
183	31	240	336	32	64	32	32
184	32	272	336	64	64	32	32
185	33	304	336	96	64	32	32
186	26	336	336	352	32	32	32
187	27	368	336	384	32	32	32
188	28	400	336	416	32	32	32
189	29	432	336	448	32	32	32
190	30	464	336	0	64	32	32
191	31	496	336	32	64	32	32
192	32	528	336	64	64	32	32
193	33	560	336	96	64	32	32
194	26	592	336	352	32	32	32
195	27	624	336	384	32	32	32
196	34	656	336	128	64	32	32
197	35	688	336	160	64	32	32
198	30	720	336	0	64	32	32
199	31	752	336	32	64	32	32
200	32	784	336	64	64	32	32
201	33	816	336	96	64	32	32
202	26	848	336	352	32	32	32
203	27	880	336	384	32	32	32
204	28	912	336	416	32	32	32
205	29	944	336	448	32	32	32
206	30	976	336	0	64	32	32
207	31	1008	336	32	64	32	32
208	36	1040	336	192	64	32	32
209	37	1072	336	224	64	32	32
210	26	1104	336	352	32	32	32
211	27	1136	336	384	32	32	32
212	28	1168	336	416	32	32	32
213	29	1200	336	448	32	32	32
214	38	1232	336	256	64	32	32
215	39	1264	336	288	64	32	32
216	32	1296	336	64	64	32	32
217	33	1328	336	96	64	32	32
218	32	1360	336	64	64	32	32
219	33	1392	336	96	64	32	32
220	32	1424	336	64	64	32	32
221	33	1456	336	96	64	32	32
222	32	1488	336	64	64	32	32
223	33	1520	336	96	64	32	32
224	26	1552	336	352	32	32	32
225	27	1584	336	384	32	32	32
226	40	1616	336	320	64	32	32
227	41	1648	336	352	64	32	32
228	42	1680	336	384	64	32	32
229	42	1712	336	384	64	32	32
230	26	1744	336	352	32	32	32
231	27	1776	336	384	32	32	32
232	43	1808	336	416	64	32	32
233	44	1840	336	448	64	32	32
234	32	1872	336	64	64	32	32
235	33	1904	336	96	64	32	32
236	32	1936	336	64	64	32	32
237	33	1968	336	96	64	32	32
238	36	2000	336	192	64	32	32
239	37	2032	336	224	64	32	32
240	26	2064	336	352	32	32	32
241	27	2096	336	384	32	32	32
242	38	2128	336	256	64	32	32
243	39	2160	336	288	64	32	32
244	26	2192	336	352	32	32	32
245	27	2224	336	384	32	32	32
246	38	2256	336	256	64	32	32
247	39	2288	336	288	64	32	32
248	26	2320	336	352	32	32	32
249	27	2352	336	384	32	32	32
250	38	2384	336	256	64	32	32
251	39	2416	336	288	64	32	32
252	26	2448	336	352	32	32	32
253	27	2480	336	384	32	32	32
254	32	2512	336	64	64	32	32
255	33	2544	336	96	64	32	32
256	38	2576	336	256	64	32	32
257	39	2608	336	288	64	32	32
258	32	2640	336	64	64	32	32
259	33	2672	336	96	64	32	32
260	43	2704	336	416	64	32	32
261	44	2736	336	448	64	32	32
262	43	2768	336	416	64	32	32
263	44	2800	336	448	64	32	32
264	32	2832	336	64	64	32	32
265	33	2864	336	96	64	32	32
266	42	2896	336	384	64	32	32
267	42	2928	336	384	64	32	32
268	26	2960	336	352	32	32	32
269	27	2992	336	384	32	32	32
270	45	3024	336	0	96	32	32
271	14	3056	336	448	0	32	32
272	14	3088	336	448	0	32	32
273	46	3120	336	32	96	32	32
274	46	3152	336	32	96	32	32
275	47	3184	336	64	96	32	32
276	46	3216	336	32	96	32	32
277	46	3248	336	32	96	32	32
278	26	3280	336	352	32	32	32
279	48	3312	336	96	96	32	32
280	46	3344	336	32	96	32	32
281	46	3376	336	32	96	32	32
282	49	3408	336	128	96	32	32
283	46	3440	336	32	96	32	32
284	49	3472	336	128	96	32	32
285	46	3504	336	32	96	32	32
286	49	3536	336	128	96	32	32
287	46	3568	336	32	96	32	32
288	50	3600	336	160	96	32	32
289	51	3632	336	192	96	32	32
290	46	3664	336	32	96	32	32
291	47	3696	336	64	96	32	32
292	50	3728	336	160	96	32	32
293	52	3760	336	224	96	32	32
294	46	3792	336	32	96	32	32
295	46	3824	336	32	96	32	32
296	46	3856	336	32	96	32	32
297	46	3888	336	32	96	32	32
298	49	3920	336	128	96	32	32
299	46	3952	336	32	96	32	32
300	49	3984	336	128	96	32	32
301	46	4016	336	32	96	32	32
302	15	4048	336	0	32	32	32
303	14	4080	336	448	0	32	32
304	32	4112	336	64	64	32	32
305	33	4144	336	96	64	32	32
306	24	4176	336	288	32	32	32
307	25	4208	336	320	32	32	32
308	26	4240	336	352	32	32	32
309	27	4272	336	384	32	32	32
310	43	4304	336	416	64	32	32
311	44	4336	336	448	64	32	32
312	32	4368	336	64	64	32	32
313	33	4400	336	96	64	32	32
314	26	4432	336	352	32	32	32
315	27	4464	336	384	32	32	32
316	38	4496	336	256	64	32	32
317	39	4528	336	288	64	32	32
318	32	4560	336	64	64	32	32
319	33	4592	336	96	64	32	32
320	26	4624	336	352	32	32	32
321	27	4656	336	384	32	32	32
322	28	4688	336	416	32	32	32
323	29	4720	336	448	32	32	32
324	53	4752	336	256	96	32	32
325	54	4784	336	288	96	32	32
326	55	4816	336	320	96	32	32
327	56	4848	336	352	96	32	32
328	57	4880	336	384	96	32	32
329	58	4912	336	416	96	32	32
330	59	4944	336	448	96	32	32
331	60	4976	336	0	128	32	32
332	26	5008	336	352	32	32	32
333	27	5040	336	384	32	32	32
334	61	5072	336	32	128	32	32
335	62	5104	336	64	128	32	32
336	57	5136	336	384	96	32	32
337	58	5168	336	416	96	32	32
338	59	5200	336	448	96	32	32
339	60	5232	336	0	128	32	32
340	26	5264	336	352	32	32	32
341	27	5296	336	384	32	32	32
342	61	5328	336	32	128	32	32
343	62	5360	336	64	128	32	32
344	57	5392	336	384	96	32	32
345	58	5424	336	416	96	32	32
346	34	5456	336	128	64	32	32
347	35	5488	336	160	64	32	32
348	38	5520	336	256	64	32	32
349	39	5552	336	288	64	32	32
350	63	5584	336	96	128	32	32
351	14	5616	336	448	0	32	32
352	64	16	304	128	128	32	32
353	65	48	304	160	128	32	32
354	26	80	304	352	32	32	32
355	27	112	304	384	32	32	32
356	66	144	304	192	128	32	32
357	67	176	304	224	128	32	32
358	68	208	304	256	128	32	32
359	69	240	304	288	128	32	32
360	70	272	304	320	128	32	32
361	71	304	304	352	128	32	32
362	26	336	304	352	32	32	32
363	27	368	304	384	32	32	32
364	66	400	304	192	128	32	32
365	67	432	304	224	128	32	32
366	68	464	304	256	128	32	32
367	69	496	304	288	128	32	32
368	70	528	304	320	128	32	32
369	71	560	304	352	128	32	32
370	26	592	304	352	32	32	32
371	27	624	304	384	32	32	32
372	72	656	304	384	128	32	32
373	73	688	304	416	128	32	32
374	68	720	304	256	128	32	32
375	69	752	304	288	128	32	32
376	70	784	304	320	128	32	32
377	71	816	304	352	128	32	32
378	26	848	304	352	32	32	32
379	27	880	304	384	32	32	32
380	66	912	304	192	128	32	32
381	67	944	304	224	128	32	32
382	68	976	304	256	128	32	32
383	69	1008	304	288	128	32	32
384	64	1040	304	128	128	32	32
385	65	1072	304	160	128	32	32
386	26	1104	304	352	32	32	32
387	27	1136	304	384	32	32	32
388	66	1168	304	192	128	32	32
389	67	1200	304	224	128	32	32
390	42	1232	304	384	64	32	32
391	42	1264	304	384	64	32	32
392	70	1296	304	320	128	32	32
393	71	1328	304	352	128	32	32
394	70	1360	304	320	128	32	32
395	71	1392	304	352	128	32	32
396	70	1424	304	320	128	32	32
397	71	1456	304	352	128	32	32
398	70	1488	304	320	128	32	32
399	71	1520	304	352	128	32	32
400	26	1552	304	352	32	32	32
401	27	1584	304	384	32	32	32
402	74	1616	304	448	128	32	32
403	75	1648	304	0	160	32	32
404	42	1680	304	384	64	32	32
405	42	1712	304	384	64	32	32
406	26	1744	304	352	32	32	32
407	27	1776	304	384	32	32	32
408	70	1808	304	320	128	32	32
409	71	1840	304	352	128	32	32
410	70	1872	304	320	128	32	32
411	71	1904	304	352	128	32	32
412	70	1936	304	320	128	32	32
413	71	1968	304	352	128	32	32
414	64	2000	304	128	128	32	32
415	65	2032	304	160	128	32	32
416	26	2064	304	352	32	32	32
417	27	2096	304	384	32	32	32
418	42	2128	304	384	64	32	32
419	42	2160	304	384	64	32	32
420	26	2192	304	352	32	32	32
421	27	2224	304	384	32	32	32
422	42	2256	304	384	64	32	32
423	42	2288	304	384	64	32	32
424	26	2320	304	352	32	32	32
425	27	2352	304	384	32	32	32
426	42	2384	304	384	64	32	32
427	42	2416	304	384	64	32	32
428	26	2448	304	352	32	32	32
429	27	2480	304	384	32	32	32
430	70	2512	304	320	128	32	32
431	71	2544	304	352	128	32	32
432	42	2576	304	384	64	32	32
433	42	2608	304	384	64	32	32
434	70	2640	304	320	128	32	32
435	71	2672	304	352	128	32	32
436	70	2704	304	320	128	32	32
437	71	2736	304	352	128	32	32
438	70	2768	304	320	128	32	32
439	71	2800	304	352	128	32	32
440	70	2832	304	320	128	32	32
441	71	2864	304	352	128	32	32
442	42	2896	304	384	64	32	32
443	42	2928	304	384	64	32	32
444	26	2960	304	352	32	32	32
445	27	2992	304	384	32	32	32
446	46	3024	304	32	96	32	32
447	14	3056	304	448	0	32	32
448	14	3088	304	448	0	32	32
449	46	3120	304	32	96	32	32
450	76	3152	304	32	160	32	32
451	77	3184	304	64	160	32	32
452	46	3216	304	32	96	32	32
453	46	3248	304	32	96	32	32
454	78	3280	304	96	160	32	32
455	51	3312	304	192	96	32	32
456	46	3344	304	32	96	32	32
457	46	3376	304	32	96	32	32
458	79	3408	304	128	160	32	32
459	46	3440	304	32	96	32	32
460	79	3472	304	128	160	32	32
461	46	3504	304	32	96	32	32
462	79	3536	304	128	160	32	32
463	46	3568	304	32	96	32	32
464	78	3600	304	96	160	32	32
465	51	3632	304	192	96	32	32
466	76	3664	304	32	160	32	32
467	77	3696	304	64	160	32	32
468	26	3728	304	352	32	32	32
469	27	3760	304	384	32	32	32
470	46	3792	304	32	96	32	32
471	46	3824	304	32	96	32	32
472	46	3856	304	32	96	32	32
473	46	3888	304	32	96	32	32
474	79	3920	304	128	160	32	32
475	46	3952	304	32	96	32	32
476	79	3984	304	128	160	32	32
477	46	4016	304	32	96	32	32
478	46	4048	304	32	96	32	32
479	14	4080	304	448	0	32	32
480	70	4112	304	320	128	32	32
481	71	4144	304	352	128	32	32
482	64	4176	304	128	128	32	32
483	65	4208	304	160	128	32	32
484	26	4240	304	352	32	32	32
485	27	4272	304	384	32	32	32
486	70	4304	304	320	128	32	32
487	71	4336	304	352	128	32	32
488	70	4368	304	320	128	32	32
489	71	4400	304	352	128	32	32
490	26	4432	304	352	32	32	32
491	27	4464	304	384	32	32	32
492	42	4496	304	384	64	32	32
493	42	4528	304	384	64	32	32
494	70	4560	304	320	128	32	32
495	71	4592	304	352	128	32	32
496	26	4624	304	352	32	32	32
497	27	4656	304	384	32	32	32
498	66	4688	304	192	128	32	32
499	67	4720	304	224	128	32	32
500	64	4752	304	128	128	32	32
501	65	4784	304	160	128	32	32
502	70	4816	304	320	128	32	32
503	71	4848	304	352	128	32	32
504	26	4880	304	352	32	32	32
505	27	4912	304	384	32	32	32
506	80	4944	304	160	160	32	32
507	81	4976	304	192	160	32	32
508	26	5008	304	352	32	32	32
509	27	5040	304	384	32	32	32
510	82	5072	304	224	160	32	32
511	83	5104	304	256	160	32	32
512	26	5136	304	352	32	32	32
513	27	5168	304	384	32	32	32
514	80	5200	304	160	160	32	32
515	81	5232	304	192	160	32	32
516	26	5264	304	352	32	32	32
517	27	5296	304	384	32	32	32
518	82	5328	304	224	160	32	32
519	83	5360	304	256	160	32	32
520	26	5392	304	352	32	32	32
521	27	5424	304	384	32	32	32
522	72	5456	304	384	128	32	32
523	73	5488	304	416	128	32	32
524	42	5520	304	384	64	32	32
525	42	5552	304	384	64	32	32
526	84	5584	304	288	160	32	32
527	14	5616	304	448	0	32	32
528	43	16	272	416	64	32	32
529	44	48	272	448	64	32	32
530	26	80	272	352	32	32	32
531	27	112	272	384	32	32	32
532	85	144	272	320	160	32	32
533	86	176	272	352	160	32	32
534	38	208	272	256	64	32	32
535	39	240	272	288	64	32	32
536	32	272	272	64	64	32	32
537	33	304	272	96	64	32	32
538	26	336	272	352	32	32	32
539	27	368	272	384	32	32	32
540	87	400	272	384	160	32	32
541	88	432	272	416	160	32	32
542	38	464	272	256	64	32	32
543	39	496	272	288	64	32	32
544	32	528	272	64	64	32	32
545	33	560	272	96	64	32	32
546	26	592	272	352	32	32	32
547	27	624	272	384	32	32	32
548	28	656	272	416	32	32	32
549	29	688	272	448	32	32	32
550	38	720	272	256	64	32	32
551	39	752	272	288	64	32	32
552	32	784	272	64	64	32	32
553	33	816	272	96	64	32	32
554	26	848	272	352	32	32	32
555	27	880	272	384	32	32	32
556	87	912	272	384	160	32	32
557	88	944	272	416	160	32	32
558	38	976	272	256	64	32	32
559	39	1008	272	288	64	32	32
560	43	1040	272	416	64	32	32
561	44	1072	272	448	64	32	32
562	26	1104	272	352	32	32	32
563	27	1136	272	384	32	32	32
564	87	1168	272	384	160	32	32
565	88	1200	272	416	160	32	32
566	42	1232	272	384	64	32	32
567	42	1264	272	384	64	32	32
568	32	1296	272	64	64	32	32
569	33	1328	272	96	64	32	32
570	32	1360	272	64	64	32	32
571	33	1392	272	96	64	32	32
572	89	1424	272	448	160	32	32
573	90	1456	272	0	192	32	32
574	91	1488	272	32	192	32	32
575	92	1520	272	64	192	32	32
576	93	1552	272	96	192	32	32
577	94	1584	272	128	192	32	32
578	95	1616	272	160	192	32	32
579	96	1648	272	192	192	32	32
580	97	1680	272	224	192	32	32
581	97	1712	272	224	192	32	32
582	98	1744	272	256	192	32	32
583	99	1776	272	288	192	32	32
584	100	1808	272	320	192	32	32
585	101	1840	272	352	192	32	32
586	102	1872	272	384	192	32	32
587	103	1904	272	416	192	32	32
588	32	1936	272	64	64	32	32
589	33	1968	272	96	64	32	32
590	43	2000	272	416	64	32	32
591	44	2032	272	448	64	32	32
592	26	2064	272	352	32	32	32
593	27	2096	272	384	32	32	32
594	42	2128	272	384	64	32	32
595	42	2160	272	384	64	32	32
596	26	2192	272	352	32	32	32
597	27	2224	272	384	32	32	32
598	42	2256	272	384	64	32	32
599	42	2288	272	384	64	32	32
600	26	2320	272	352	32	32	32
601	27	2352	272	384	32	32	32
602	42	2384	272	384	64	32	32
603	42	2416	272	384	64	32	32
604	26	2448	272	352	32	32	32
605	27	2480	272	384	32	32	32
606	30	2512	272	0	64	32	32
607	31	2544	272	32	64	32	32
608	42	2576	272	384	64	32	32
609	42	2608	272	384	64	32	32
610	32	2640	272	64	64	32	32
611	33	2672	272	96	64	32	32
612	89	2704	272	448	160	32	32
613	90	2736	272	0	192	32	32
614	91	2768	272	32	192	32	32
615	92	2800	272	64	192	32	32
616	104	2832	272	448	192	32	32
617	105	2864	272	0	224	32	32
618	106	2896	272	32	224	32	32
619	107	2928	272	64	224	32	32
620	93	2960	272	96	192	32	32
621	94	2992	272	128	192	32	32
622	46	3024	272	32	96	32	32
623	14	3056	272	448	0	32	32
624	14	3088	272	448	0	32	32
625	46	3120	272	32	96	32	32
626	108	3152	272	96	224	32	32
627	46	3184	272	32	96	32	32
628	46	3216	272	32	96	32	32
629	46	3248	272	32	96	32	32
630	109	3280	272	128	224	32	32
631	110	3312	272	160	224	32	32
632	46	3344	272	32	96	32	32
633	46	3376	272	32	96	32	32
634	46	3408	272	32	96	32	32
635	46	3440	272	32	96	32	32
636	111	3472	272	192	224	32	32
637	112	3504	272	224	224	32	32
638	111	3536	272	192	224	32	32
639	112	3568	272	224	224	32	32
640	50	3600	272	160	96	32	32
641	52	3632	272	224	96	32	32
642	113	3664	272	256	224	32	32
643	112	3696	272	224	224	32	32
644	26	3728	272	352	32	32	32
645	27	3760	272	384	32	32	32
646	46	3792	272	32	96	32	32
647	46	3824	272	32	96	32	32
648	46	3856	272	32	96	32	32
649	47	3888	272	64	96	32	32
650	46	3920	272	32	96	32	32
651	46	3952	272	32	96	32	32
652	46	3984	272	32	96	32	32
653	46	4016	272	32	96	32	32
654	46	4048	272	32	96	32	32
655	14	4080	272	448	0	32	32
656	114	4112	272	288	224	32	32
657	115	4144	272	320	224	32	32
658	116	4176	272	352	224	32	32
659	104	4208	272	448	192	32	32
660	98	4240	272	256	192	32	32
661	99	4272	272	288	192	32	32
662	100	4304	272	320	192	32	32
663	101	4336	272	352	192	32	32
664	102	4368	272	384	192	32	32
665	103	4400	272	416	192	32	32
666	26	4432	272	352	32	32	32
667	27	4464	272	384	32	32	32
668	42	4496	272	384	64	32	32
669	42	4528	272	384	64	32	32
670	32	4560	272	64	64	32	32
671	33	4592	272	96	64	32	32
672	26	4624	272	352	32	32	32
673	27	4656	272	384	32	32	32
674	85	4688	272	320	160	32	32
675	86	4720	272	352	160	32	32
676	43	4752	272	416	64	32	32
677	44	4784	272	448	64	32	32
678	32	4816	272	64	64	32	32
679	33	4848	272	96	64	32	32
680	26	4880	272	352	32	32	32
681	27	4912	272	384	32	32	32
682	117	4944	272	384	224	32	32
683	118	4976	272	416	224	32	32
684	26	5008	272	352	32	32	32
685	27	5040	272	384	32	32	32
686	55	5072	272	320	96	32	32
687	56	5104	272	352	96	32	32
688	26	5136	272	352	32	32	32
689	27	5168	272	384	32	32	32
690	117	5200	272	384	224	32	32
691	118	5232	272	416	224	32	32
692	26	5264	272	352	32	32	32
693	27	5296	272	384	32	32	32
694	119	5328	272	448	224	32	32
695	120	5360	272	0	256	32	32
696	26	5392	272	352	32	32	32
697	27	5424	272	384	32	32	32
698	40	5456	272	320	64	32	32
699	41	5488	272	352	64	32	32
700	42	5520	272	384	64	32	32
701	42	5552	272	384	64	32	32
702	45	5584	272	0	96	32	32
703	14	5616	272	448	0	32	32
704	70	16	240	320	128	32	32
705	71	48	240	352	128	32	32
706	26	80	240	352	32	32	32
707	27	112	240	384	32	32	32
708	74	144	240	448	128	32	32
709	75	176	240	0	160	32	32
710	42	208	240	384	64	32	32
711	42	240	240	384	64	32	32
712	70	272	240	320	128	32	32
713	71	304	240	352	128	32	32
714	26	336	240	352	32	32	32
715	27	368	240	384	32	32	32
716	66	400	240	192	128	32	32
717	67	432	240	224	128	32	32
718	42	464	240	384	64	32	32
719	42	496	240	384	64	32	32
720	70	528	240	320	128	32	32
721	71	560	240	352	128	32	32
722	26	592	240	352	32	32	32
723	27	624	240	384	32	32	32
724	66	656	240	192	128	32	32
725	67	688	240	224	128	32	32
726	42	720	240	384	64	32	32
727	42	752	240	384	64	32	32
728	70	784	240	320	128	32	32
729	71	816	240	352	128	32	32
730	26	848	240	352	32	32	32
731	27	880	240	384	32	32	32
732	66	912	240	192	128	32	32
733	67	944	240	224	128	32	32
734	42	976	240	384	64	32	32
735	42	1008	240	384	64	32	32
736	70	1040	240	320	128	32	32
737	71	1072	240	352	128	32	32
738	26	1104	240	352	32	32	32
739	27	1136	240	384	32	32	32
740	66	1168	240	192	128	32	32
741	67	1200	240	224	128	32	32
742	42	1232	240	384	64	32	32
743	42	1264	240	384	64	32	32
744	70	1296	240	320	128	32	32
745	71	1328	240	352	128	32	32
746	70	1360	240	320	128	32	32
747	71	1392	240	352	128	32	32
748	121	1424	240	32	256	32	32
749	122	1456	240	64	256	32	32
750	123	1488	240	96	256	32	32
751	124	1520	240	128	256	32	32
752	125	1552	240	160	256	32	32
753	126	1584	240	192	256	32	32
754	127	1616	240	224	256	32	32
755	128	1648	240	256	256	32	32
756	124	1680	240	128	256	32	32
757	124	1712	240	128	256	32	32
758	124	1744	240	128	256	32	32
759	124	1776	240	128	256	32	32
760	124	1808	240	128	256	32	32
761	129	1840	240	288	256	32	32
762	130	1872	240	320	256	32	32
763	131	1904	240	352	256	32	32
764	70	1936	240	320	128	32	32
765	71	1968	240	352	128	32	32
766	70	2000	240	320	128	32	32
767	71	2032	240	352	128	32	32
768	26	2064	240	352	32	32	32
769	27	2096	240	384	32	32	32
770	42	2128	240	384	64	32	32
771	42	2160	240	384	64	32	32
772	26	2192	240	352	32	32	32
773	27	2224	240	384	32	32	32
774	42	2256	240	384	64	32	32
775	42	2288	240	384	64	32	32
776	26	2320	240	352	32	32	32
777	27	2352	240	384	32	32	32
778	42	2384	240	384	64	32	32
779	42	2416	240	384	64	32	32
780	26	2448	240	352	32	32	32
781	27	2480	240	384	32	32	32
782	68	2512	240	256	128	32	32
783	69	2544	240	288	128	32	32
784	42	2576	240	384	64	32	32
785	42	2608	240	384	64	32	32
786	70	2640	240	320	128	32	32
787	71	2672	240	352	128	32	32
788	121	2704	240	32	256	32	32
789	122	2736	240	64	256	32	32
790	123	2768	240	96	256	32	32
791	124	2800	240	128	256	32	32
792	124	2832	240	128	256	32	32
793	124	2864	240	128	256	32	32
794	127	2896	240	224	256	32	32
795	128	2928	240	256	256	32	32
796	125	2960	240	160	256	32	32
797	126	2992	240	192	256	32	32
798	132	3024	240	384	256	32	32
799	14	3056	240	448	0	32	32
800	14	3088	240	448	0	32	32
801	132	3120	240	384	256	32	32
802	132	3152	240	384	256	32	32
803	132	3184	240	384	256	32	32
804	132	3216	240	384	256	32	32
805	132	3248	240	384	256	32	32
806	125	3280	240	160	256	32	32
807	126	3312	240	192	256	32	32
808	46	3344	240	32	96	32	32
809	46	3376	240	32	96	32	32
810	46	3408	240	32	96	32	32
811	46	3440	240	32	96	32	32
812	133	3472	240	416	256	32	32
813	134	3504	240	448	256	32	32
814	133	3536	240	416	256	32	32
815	134	3568	240	448	256	32	32
816	26	3600	240	352	32	32	32
817	27	3632	240	384	32	32	32
818	133	3664	240	416	256	32	32
819	134	3696	240	448	256	32	32
820	26	3728	240	352	32	32	32
821	27	3760	240	384	32	32	32
822	46	3792	240	32	96	32	32
823	46	3824	240	32	96	32	32
824	76	3856	240	32	160	32	32
825	77	3888	240	64	160	32	32
826	132	3920	240	384	256	32	32
827	132	3952	240	384	256	32	32
828	132	3984	240	384	256	32	32
829	132	4016	240	384	256	32	32
830	132	4048	240	384	256	32	32
831	14	4080	240	448	0	32	32
832	127	4112	240	224	256	32	32
833	128	4144	240	256	256	32	32
834	124	4176	240	128	256	32	32
835	124	4208	240	128	256	32	32
836	124	4240	240	128	256	32	32
837	124	4272	240	128	256	32	32
838	124	4304	240	128	256	32	32
839	129	4336	240	288	256	32	32
840	130	4368	240	320	256	32	32
841	131	4400	240	352	256	32	32
842	26	4432	240	352	32	32	32
843	27	4464	240	384	32	32	32
844	42	4496	240	384	64	32	32
845	42	4528	240	384	64	32	32
846	70	4560	240	320	128	32	32
847	71	4592	240	352	128	32	32
848	26	4624	240	352	32	32	32
849	27	4656	240	384	32	32	32
850	74	4688	240	448	128	32	32
851	75	4720	240	0	160	32	32
852	70	4752	240	320	128	32	32
853	71	4784	240	352	128	32	32
854	70	4816	240	320	128	32	32
855	71	4848	240	352	128	32	32
856	26	4880	240	352	32	32	32
857	27	4912	240	384	32	32	32
858	70	4944	240	320	128	32	32
859	71	4976	240	352	128	32	32
860	26	5008	240	352	32	32	32
861	27	5040	240	384	32	32	32
862	70	5072	240	320	128	32	32
863	71	5104	240	352	128	32	32
864	26	5136	240	352	32	32	32
865	27	5168	240	384	32	32	32
866	70	5200	240	320	128	32	32
867	71	5232	240	352	128	32	32
868	26	5264	240	352	32	32	32
869	27	5296	240	384	32	32	32
870	68	5328	240	256	128	32	32
871	69	5360	240	288	128	32	32
872	26	5392	240	352	32	32	32
873	27	5424	240	384	32	32	32
874	74	5456	240	448	128	32	32
875	75	5488	240	0	160	32	32
876	42	5520	240	384	64	32	32
877	42	5552	240	384	64	32	32
878	46	5584	240	32	96	32	32
879	14	5616	240	448	0	32	32
880	32	16	208	64	64	32	32
881	33	48	208	96	64	32	32
882	26	80	208	352	32	32	32
883	27	112	208	384	32	32	32
884	135	144	208	0	288	32	32
885	44	176	208	448	64	32	32
886	42	208	208	384	64	32	32
887	42	240	208	384	64	32	32
888	32	272	208	64	64	32	32
889	33	304	208	96	64	32	32
890	26	336	208	352	32	32	32
891	27	368	208	384	32	32	32
892	85	400	208	320	160	32	32
893	86	432	208	352	160	32	32
894	42	464	208	384	64	32	32
895	42	496	208	384	64	32	32
896	30	528	208	0	64	32	32
897	31	560	208	32	64	32	32
898	26	592	208	352	32	32	32
899	27	624	208	384	32	32	32
900	87	656	208	384	160	32	32
901	88	688	208	416	160	32	32
902	42	720	208	384	64	32	32
903	42	752	208	384	64	32	32
904	32	784	208	64	64	32	32
905	33	816	208	96	64	32	32
906	26	848	208	352	32	32	32
907	27	880	208	384	32	32	32
908	85	912	208	320	160	32	32
909	86	944	208	352	160	32	32
910	42	976	208	384	64	32	32
911	42	1008	208	384	64	32	32
912	32	1040	208	64	64	32	32
913	33	1072	208	96	64	32	32
914	26	1104	208	352	32	32	32
915	27	1136	208	384	32	32	32
916	87	1168	208	384	160	32	32
917	88	1200	208	416	160	32	32
918	42	1232	208	384	64	32	32
919	42	1264	208	384	64	32	32
920	89	1296	208	448	160	32	32
921	90	1328	208	0	192	32	32
922	91	1360	208	32	192	32	32
923	92	1392	208	64	192	32	32
924	136	1424	208	32	288	32	32
925	123	1456	208	96	256	32	32
926	137	1488	208	64	288	32	32
927	138	1520	208	96	288	32	32
928	2	1552	208	64	0	32	32
929	3	1584	208	96	0	32	32
930	139	1616	208	128	288	32	32
931	140	1648	208	160	288	32	32
932	141	1680	208	192	288	32	32
933	142	1712	208	224	288	32	32
934	2	1744	208	64	0	32	32
935	3	1776	208	96	0	32	32
936	143	1808	208	256	288	32	32
937	144	1840	208	288	288	32	32
938	129	1872	208	288	256	32	32
939	145	1904	208	320	288	32	32
940	114	1936	208	288	224	32	32
941	115	1968	208	320	224	32	32
942	104	2000	208	448	192	32	32
943	105	2032	208	0	224	32	32
944	26	2064	208	352	32	32	32
945	27	2096	208	384	32	32	32
946	42	2128	208	384	64	32	32
947	42	2160	208	384	64	32	32
948	26	2192	208	352	32	32	32
949	27	2224	208	384	32	32	32
950	42	2256	208	384	64	32	32
951	42	2288	208	384	64	32	32
952	26	2320	208	352	32	32	32
953	27	2352	208	384	32	32	32
954	42	2384	208	384	64	32	32
955	42	2416	208	384	64	32	32
956	26	2448	208	352	32	32	32
957	27	2480	208	384	32	32	32
958	36	2512	208	192	64	32	32
959	37	2544	208	224	64	32	32
960	42	2576	208	384	64	32	32
961	42	2608	208	384	64	32	32
962	89	2640	208	448	160	32	32
963	90	2672	208	0	192	32	32
964	146	2704	208	352	288	32	32
965	123	2736	208	96	256	32	32
966	137	2768	208	64	288	32	32
967	138	2800	208	96	288	32	32
968	139	2832	208	128	288	32	32
969	140	2864	208	160	288	32	32
970	139	2896	208	128	288	32	32
971	140	2928	208	160	288	32	32
972	147	2960	208	384	288	32	32
973	148	2992	208	416	288	32	32
974	149	3024	208	448	288	32	32
975	14	3056	208	448	0	32	32
976	14	3088	208	448	0	32	32
977	15	3120	208	0	32	32	32
978	150	3152	208	0	320	32	32
979	151	3184	208	32	320	32	32
980	150	3216	208	0	320	32	32
981	151	3248	208	32	320	32	32
982	2	3280	208	64	0	32	32
983	3	3312	208	96	0	32	32
984	46	3344	208	32	96	32	32
985	46	3376	208	32	96	32	32
986	152	3408	208	64	320	32	32
987	153	3440	208	96	320	32	32
988	15	3472	208	0	32	32	32
989	154	3504	208	128	320	32	32
990	150	3536	208	0	320	32	32
991	155	3568	208	160	320	32	32
992	156	3600	208	192	320	32	32
993	157	3632	208	224	320	32	32
994	14	3664	208	448	0	32	32
995	158	3696	208	256	320	32	32
996	156	3728	208	192	320	32	32
997	157	3760	208	224	320	32	32
998	46	3792	208	32	96	32	32
999	46	3824	208	32	96	32	32
1000	159	3856	208	288	320	32	32
1001	153	3888	208	96	320	32	32
1002	15	3920	208	0	32	32	32
1003	15	3952	208	0	32	32	32
1004	15	3984	208	0	32	32	32
1005	160	4016	208	320	320	32	32
1006	161	4048	208	352	320	32	32
1007	162	4080	208	384	320	32	32
1008	6	4112	208	192	0	32	32
1009	163	4144	208	416	320	32	32
1010	139	4176	208	128	288	32	32
1011	140	4208	208	160	288	32	32
1012	147	4240	208	384	288	32	32
1013	148	4272	208	416	288	32	32
1014	143	4304	208	256	288	32	32
1015	144	4336	208	288	288	32	32
1016	129	4368	208	288	256	32	32
1017	145	4400	208	320	288	32	32
1018	98	4432	208	256	192	32	32
1019	99	4464	208	288	192	32	32
1020	106	4496	208	32	224	32	32
1021	107	4528	208	64	224	32	32
1022	104	4560	208	448	192	32	32
1023	105	4592	208	0	224	32	32
1024	98	4624	208	256	192	32	32
1025	99	4656	208	288	192	32	32
1026	164	4688	208	448	320	32	32
1027	165	4720	208	0	352	32	32
1028	102	4752	208	384	192	32	32
1029	103	4784	208	416	192	32	32
1030	32	4816	208	64	64	32	32
1031	33	4848	208	96	64	32	32
1032	26	4880	208	352	32	32	32
1033	27	4912	208	384	32	32	32
1034	32	4944	208	64	64	32	32
1035	33	4976	208	96	64	32	32
1036	26	5008	208	352	32	32	32
1037	27	5040	208	384	32	32	32
1038	32	5072	208	64	64	32	32
1039	33	5104	208	96	64	32	32
1040	26	5136	208	352	32	32	32
1041	27	5168	208	384	32	32	32
1042	32	5200	208	64	64	32	32
1043	33	5232	208	96	64	32	32
1044	26	5264	208	352	32	32	32
1045	27	5296	208	384	32	32	32
1046	36	5328	208	192	64	32	32
1047	37	5360	208	224	64	32	32
1048	26	5392	208	352	32	32	32
1049	27	5424	208	384	32	32	32
1050	166	5456	208	32	352	32	32
1051	167	5488	208	64	352	32	32
1052	168	5520	208	96	352	32	32
1053	169	5552	208	128	352	32	32
1054	46	5584	208	32	96	32	32
1055	14	5616	208	448	0	32	32
1056	70	16	176	320	128	32	32
1057	71	48	176	352	128	32	32
1058	26	80	176	352	32	32	32
1059	27	112	176	384	32	32	32
1060	70	144	176	320	128	32	32
1061	71	176	176	352	128	32	32
1062	42	208	176	384	64	32	32
1063	42	240	176	384	64	32	32
1064	70	272	176	320	128	32	32
1065	71	304	176	352	128	32	32
1066	26	336	176	352	32	32	32
1067	27	368	176	384	32	32	32
1068	74	400	176	448	128	32	32
1069	75	432	176	0	160	32	32
1070	42	464	176	384	64	32	32
1071	42	496	176	384	64	32	32
1072	68	528	176	256	128	32	32
1073	69	560	176	288	128	32	32
1074	26	592	176	352	32	32	32
1075	27	624	176	384	32	32	32
1076	66	656	176	192	128	32	32
1077	67	688	176	224	128	32	32
1078	42	720	176	384	64	32	32
1079	42	752	176	384	64	32	32
1080	70	784	176	320	128	32	32
1081	71	816	176	352	128	32	32
1082	26	848	176	352	32	32	32
1083	27	880	176	384	32	32	32
1084	74	912	176	448	128	32	32
1085	75	944	176	0	160	32	32
1086	42	976	176	384	64	32	32
1087	42	1008	176	384	64	32	32
1088	70	1040	176	320	128	32	32
1089	71	1072	176	352	128	32	32
1090	26	1104	176	352	32	32	32
1091	27	1136	176	384	32	32	32
1092	66	1168	176	192	128	32	32
1093	67	1200	176	224	128	32	32
1094	42	1232	176	384	64	32	32
1095	42	1264	176	384	64	32	32
1096	121	1296	176	32	256	32	32
1097	122	1328	176	64	256	32	32
1098	123	1360	176	96	256	32	32
1099	124	1392	176	128	256	32	32
1100	170	1424	176	160	352	32	32
1101	14	1456	176	448	0	32	32
1102	171	1488	176	192	352	32	32
1103	172	1520	176	224	352	32	32
1104	26	1552	176	352	32	32	32
1105	27	1584	176	384	32	32	32
1106	70	1616	176	320	128	32	32
1107	71	1648	176	352	128	32	32
1108	64	1680	176	128	128	32	32
1109	65	1712	176	160	128	32	32
1110	26	1744	176	352	32	32	32
1111	27	1776	176	384	32	32	32
1112	173	1808	176	256	352	32	32
1113	174	1840	176	288	352	32	32
1114	14	1872	176	448	0	32	32
1115	175	1904	176	320	352	32	32
1116	127	1936	176	224	256	32	32
1117	128	1968	176	256	256	32	32
1118	124	2000	176	128	256	32	32
1119	124	2032	176	128	256	32	32
1120	26	2064	176	352	32	32	32
1121	27	2096	176	384	32	32	32
1122	42	2128	176	384	64	32	32
1123	42	2160	176	384	64	32	32
1124	26	2192	176	352	32	32	32
1125	27	2224	176	384	32	32	32
1126	42	2256	176	384	64	32	32
1127	42	2288	176	384	64	32	32
1128	26	2320	176	352	32	32	32
1129	27	2352	176	384	32	32	32
1130	42	2384	176	384	64	32	32
1131	42	2416	176	384	64	32	32
1132	26	2448	176	352	32	32	32
1133	27	2480	176	384	32	32	32
1134	64	2512	176	128	128	32	32
1135	65	2544	176	160	128	32	32
1136	42	2576	176	384	64	32	32
1137	42	2608	176	384	64	32	32
1138	121	2640	176	32	256	32	32
1139	122	2672	176	64	256	32	32
1140	123	2704	176	96	256	32	32
1141	176	2736	176	352	352	32	32
1142	171	2768	176	192	352	32	32
1143	172	2800	176	224	352	32	32
1144	70	2832	176	320	128	32	32
1145	71	2864	176	352	128	32	32
1146	70	2896	176	320	128	32	32
1147	71	2928	176	352	128	32	32
1148	26	2960	176	352	32	32	32
1149	27	2992	176	384	32	32	32
1150	84	3024	176	288	160	32	32
1151	14	3056	176	448	0	32	32
1152	14	3088	176	448	0	32	32
1153	46	3120	176	32	96	32	32
1154	133	3152	176	416	256	32	32
1155	134	3184	176	448	256	32	32
1156	133	3216	176	416	256	32	32
1157	134	3248	176	448	256	32	32
1158	26	3280	176	352	32	32	32
1159	27	3312	176	384	32	32	32
1160	132	3344	176	384	256	32	32
1161	132	3376	176	384	256	32	32
1162	124	3408	176	128	256	32	32
1163	177	3440	176	384	352	32	32
1164	178	3472	176	416	352	32	32
1165	179	3504	176	448	352	32	32
1166	133	3536	176	416	256	32	32
1167	134	3568	176	448	256	32	32
1168	14	3600	176	448	0	32	32
1169	14	3632	176	448	0	32	32
1170	14	3664	176	448	0	32	32
1171	14	3696	176	448	0	32	32
1172	147	3728	176	384	288	32	32
1173	148	3760	176	416	288	32	32
1174	132	3792	176	384	256	32	32
1175	132	3824	176	384	256	32	32
1176	124	3856	176	128	256	32	32
1177	177	3888	176	384	352	32	32
1178	178	3920	176	416	352	32	32
1179	179	3952	176	448	352	32	32
1180	76	3984	176	32	160	32	32
1181	77	4016	176	64	160	32	32
1182	180	4048	176	0	384	32	32
1183	181	4080	176	32	384	32	32
1184	72	4112	176	384	128	32	32
1185	73	4144	176	416	128	32	32
1186	70	4176	176	320	128	32	32
1187	71	4208	176	352	128	32	32
1188	26	4240	176	352	32	32	32
1189	27	4272	176	384	32	32	32
1190	173	4304	176	256	352	32	32
1191	174	4336	176	288	352	32	32
1192	14	4368	176	448	0	32	32
1193	175	4400	176	320	352	32	32
1194	124	4432	176	128	256	32	32
1195	124	4464	176	128	256	32	32
1196	127	4496	176	224	256	32	32
1197	128	4528	176	256	256	32	32
1198	124	4560	176	128	256	32	32
1199	124	4592	176	128	256	32	32
1200	124	4624	176	128	256	32	32
1201	124	4656	176	128	256	32	32
1202	124	4688	176	128	256	32	32
1203	129	4720	176	288	256	32	32
1204	130	4752	176	320	256	32	32
1205	131	4784	176	352	256	32	32
1206	70	4816	176	320	128	32	32
1207	71	4848	176	352	128	32	32
1208	26	4880	176	352	32	32	32
1209	27	4912	176	384	32	32	32
1210	70	4944	176	320	128	32	32
1211	71	4976	176	352	128	32	32
1212	26	5008	176	352	32	32	32
1213	27	5040	176	384	32	32	32
1214	70	5072	176	320	128	32	32
1215	71	5104	176	352	128	32	32
1216	26	5136	176	352	32	32	32
1217	27	5168	176	384	32	32	32
1218	70	5200	176	320	128	32	32
1219	71	5232	176	352	128	32	32
1220	26	5264	176	352	32	32	32
1221	27	5296	176	384	32	32	32
1222	64	5328	176	128	128	32	32
1223	65	5360	176	160	128	32	32
1224	26	5392	176	352	32	32	32
1225	27	5424	176	384	32	32	32
1226	121	5456	176	32	256	32	32
1227	122	5488	176	64	256	32	32
1228	123	5520	176	96	256	32	32
1229	124	5552	176	128	256	32	32
1230	132	5584	176	384	256	32	32
1231	14	5616	176	448	0	32	32
1232	32	16	144	64	64	32	32
1233	33	48	144	96	64	32	32
1234	26	80	144	352	32	32	32
1235	27	112	144	384	32	32	32
1236	32	144	144	64	64	32	32
1237	33	176	144	96	64	32	32
1238	42	208	144	384	64	32	32
1239	42	240	144	384	64	32	32
1240	30	272	144	0	64	32	32
1241	31	304	144	32	64	32	32
1242	26	336	144	352	32	32	32
1243	27	368	144	384	32	32	32
1244	135	400	144	0	288	32	32
1245	44	432	144	448	64	32	32
1246	42	464	144	384	64	32	32
1247	42	496	144	384	64	32	32
1248	36	528	144	192	64	32	32
1249	37	560	144	224	64	32	32
1250	26	592	144	352	32	32	32
1251	27	624	144	384	32	32	32
1252	85	656	144	320	160	32	32
1253	86	688	144	352	160	32	32
1254	42	720	144	384	64	32	32
1255	42	752	144	384	64	32	32
1256	32	784	144	64	64	32	32
1257	33	816	144	96	64	32	32
1258	26	848	144	352	32	32	32
1259	27	880	144	384	32	32	32
1260	135	912	144	0	288	32	32
1261	44	944	144	448	64	32	32
1262	42	976	144	384	64	32	32
1263	42	1008	144	384	64	32	32
1264	24	1040	144	288	32	32	32
1265	25	1072	144	320	32	32	32
1266	26	1104	144	352	32	32	32
1267	27	1136	144	384	32	32	32
1268	85	1168	144	320	160	32	32
1269	86	1200	144	352	160	32	32
1270	182	1232	144	64	384	32	32
1271	183	1264	144	96	384	32	32
1272	146	1296	144	352	288	32	32
1273	123	1328	144	96	256	32	32
1274	137	1360	144	64	288	32	32
1275	138	1392	144	96	288	32	32
1276	184	1424	144	128	384	32	32
1277	185	1456	144	160	384	32	32
1278	186	1488	144	192	384	32	32
1279	187	1520	144	224	384	32	32
1280	26	1552	144	352	32	32	32
1281	27	1584	144	384	32	32	32
1282	32	1616	144	64	64	32	32
1283	33	1648	144	96	64	32	32
1284	43	1680	144	416	64	32	32
1285	44	1712	144	448	64	32	32
1286	26	1744	144	352	32	32	32
1287	27	1776	144	384	32	32	32
1288	188	1808	144	256	384	32	32
1289	189	1840	144	288	384	32	32
1290	2	1872	144	64	0	32	32
1291	3	1904	144	96	0	32	32
1292	184	1936	144	128	384	32	32
1293	185	1968	144	160	384	32	32
1294	184	2000	144	128	384	32	32
1295	185	2032	144	160	384	32	32
1296	26	2064	144	352	32	32	32
1297	27	2096	144	384	32	32	32
1298	42	2128	144	384	64	32	32
1299	42	2160	144	384	64	32	32
1300	26	2192	144	352	32	32	32
1301	27	2224	144	384	32	32	32
1302	42	2256	144	384	64	32	32
1303	42	2288	144	384	64	32	32
1304	26	2320	144	352	32	32	32
1305	27	2352	144	384	32	32	32
1306	42	2384	144	384	64	32	32
1307	42	2416	144	384	64	32	32
1308	26	2448	144	352	32	32	32
1309	27	2480	144	384	32	32	32
1310	190	2512	144	320	384	32	32
1311	191	2544	144	352	384	32	32
1312	182	2576	144	64	384	32	32
1313	183	2608	144	96	384	32	32
1314	146	2640	144	352	288	32	32
1315	123	2672	144	96	256	32	32
1316	137	2704	144	64	288	32	32
1317	192	2736	144	384	384	32	32
1318	193	2768	144	416	384	32	32
1319	194	2800	144	448	384	32	32
1320	32	2832	144	64	64	32	32
1321	33	2864	144	96	64	32	32
1322	32	2896	144	64	64	32	32
1323	33	2928	144	96	64	32	32
1324	26	2960	144	352	32	32	32
1325	27	2992	144	384	32	32	32
1326	63	3024	144	96	128	32	32
1327	14	3056	144	448	0	32	32
1328	14	3088	144	448	0	32	32
1329	46	3120	144	32	96	32	32
1330	15	3152	144	0	32	32	32
1331	154	3184	144	128	320	32	32
1332	15	3216	144	0	32	32	32
1333	154	3248	144	128	320	32	32
1334	26	3280	144	352	32	32	32
1335	48	3312	144	96	96	32	32
1336	150	3344	144	0	320	32	32
1337	151	3376	144	32	320	32	32
1338	2	3408	144	64	0	32	32
1339	3	3440	144	96	0	32	32
1340	195	3472	144	0	416	32	32
1341	196	3504	144	32	416	32	32
1342	15	3536	144	0	32	32	32
1343	154	3568	144	128	320	32	32
1344	14	3600	144	448	0	32	32
1345	14	3632	144	448	0	32	32
1346	14	3664	144	448	0	32	32
1347	14	3696	144	448	0	32	32
1348	26	3728	144	352	32	32	32
1349	48	3760	144	96	96	32	32
1350	150	3792	144	0	320	32	32
1351	151	3824	144	32	320	32	32
1352	2	3856	144	64	0	32	32
1353	3	3888	144	96	0	32	32
1354	195	3920	144	0	416	32	32
1355	196	3952	144	32	416	32	32
1356	108	3984	144	96	224	32	32
1357	46	4016	144	32	96	32	32
1358	180	4048	144	0	384	32	32
1359	181	4080	144	32	384	32	32
1360	40	4112	144	320	64	32	32
1361	41	4144	144	352	64	32	32
1362	32	4176	144	64	64	32	32
1363	33	4208	144	96	64	32	32
1364	26	4240	144	352	32	32	32
1365	27	4272	144	384	32	32	32
1366	188	4304	144	256	384	32	32
1367	189	4336	144	288	384	32	32
1368	184	4368	144	128	384	32	32
1369	185	4400	144	160	384	32	32
1370	2	4432	144	64	0	32	32
1371	3	4464	144	96	0	32	32
1372	141	4496	144	192	288	32	32
1373	142	4528	144	224	288	32	32
1374	2	4560	144	64	0	32	32
1375	3	4592	144	96	0	32	32
1376	141	4624	144	192	288	32	32
1377	142	4656	144	224	288	32	32
1378	143	4688	144	256	288	32	32
1379	144	4720	144	288	288	32	32
1380	129	4752	144	288	256	32	32
1381	197	4784	144	64	416	32	32
1382	102	4816	144	384	192	32	32
1383	103	4848	144	416	192	32	32
1384	26	4880	144	352	32	32	32
1385	27	4912	144	384	32	32	32
1386	32	4944	144	64	64	32	32
1387	33	4976	144	96	64	32	32
1388	26	5008	144	352	32	32	32
1389	27	5040	144	384	32	32	32
1390	32	5072	144	64	64	32	32
1391	33	5104	144	96	64	32	32
1392	26	5136	144	352	32	32	32
1393	27	5168	144	384	32	32	32
1394	32	5200	144	64	64	32	32
1395	33	5232	144	96	64	32	32
1396	26	5264	144	352	32	32	32
1397	27	5296	144	384	32	32	32
1398	43	5328	144	416	64	32	32
1399	44	5360	144	448	64	32	32
1400	26	5392	144	352	32	32	32
1401	27	5424	144	384	32	32	32
1402	136	5456	144	32	288	32	32
1403	123	5488	144	96	256	32	32
1404	137	5520	144	64	288	32	32
1405	138	5552	144	96	288	32	32
1406	149	5584	144	448	288	32	32
1407	14	5616	144	448	0	32	32
1408	70	16	112	320	128	32	32
1409	71	48	112	352	128	32	32
1410	26	80	112	352	32	32	32
1411	27	112	112	384	32	32	32
1412	70	144	112	320	128	32	32
1413	71	176	112	352	128	32	32
1414	42	208	112	384	64	32	32
1415	42	240	112	384	64	32	32
1416	68	272	112	256	128	32	32
1417	69	304	112	288	128	32	32
1418	26	336	112	352	32	32	32
1419	27	368	112	384	32	32	32
1420	70	400	112	320	128	32	32
1421	71	432	112	352	128	32	32
1422	42	464	112	384	64	32	32
1423	42	496	112	384	64	32	32
1424	64	528	112	128	128	32	32
1425	65	560	112	160	128	32	32
1426	26	592	112	352	32	32	32
1427	27	624	112	384	32	32	32
1428	74	656	112	448	128	32	32
1429	75	688	112	0	160	32	32
1430	42	720	112	384	64	32	32
1431	42	752	112	384	64	32	32
1432	70	784	112	320	128	32	32
1433	71	816	112	352	128	32	32
1434	26	848	112	352	32	32	32
1435	27	880	112	384	32	32	32
1436	70	912	112	320	128	32	32
1437	71	944	112	352	128	32	32
1438	42	976	112	384	64	32	32
1439	42	1008	112	384	64	32	32
1440	64	1040	112	128	128	32	32
1441	65	1072	112	160	128	32	32
1442	26	1104	112	352	32	32	32
1443	27	1136	112	384	32	32	32
1444	74	1168	112	448	128	32	32
1445	75	1200	112	0	160	32	32
1446	121	1232	112	32	256	32	32
1447	122	1264	112	64	256	32	32
1448	123	1296	112	96	256	32	32
1449	176	1328	112	352	352	32	32
1450	171	1360	112	192	352	32	32
1451	172	1392	112	224	352	32	32
1452	68	1424	112	256	128	32	32
1453	69	1456	112	288	128	32	32
1454	70	1488	112	320	128	32	32
1455	71	1520	112	352	128	32	32
1456	26	1552	112	352	32	32	32
1457	27	1584	112	384	32	32	32
1458	70	1616	112	320	128	32	32
1459	71	1648	112	352	128	32	32
1460	70	1680	112	320	128	32	32
1461	71	1712	112	352	128	32	32
1462	26	1744	112	352	32	32	32
1463	27	1776	112	384	32	32	32
1464	70	1808	112	320	128	32	32
1465	71	1840	112	352	128	32	32
1466	26	1872	112	352	32	32	32
1467	27	1904	112	384	32	32	32
1468	68	1936	112	256	128	32	32
1469	69	1968	112	288	128	32	32
1470	68	2000	112	256	128	32	32
1471	69	2032	112	288	128	32	32
1472	26	2064	112	352	32	32	32
1473	27	2096	112	384	32	32	32
1474	42	2128	112	384	64	32	32
1475	42	2160	112	384	64	32	32
1476	26	2192	112	352	32	32	32
1477	27	2224	112	384	32	32	32
1478	42	2256	112	384	64	32	32
1479	42	2288	112	384	64	32	32
1480	26	2320	112	352	32	32	32
1481	27	2352	112	384	32	32	32
1482	42	2384	112	384	64	32	32
1483	42	2416	112	384	64	32	32
1484	26	2448	112	352	32	32	32
1485	27	2480	112	384	32	32	32
1486	68	2512	112	256	128	32	32
1487	69	2544	112	288	128	32	32
1488	121	2576	112	32	256	32	32
1489	122	2608	112	64	256	32	32
1490	123	2640	112	96	256	32	32
1491	176	2672	112	352	352	32	32
1492	171	2704	112	192	352	32	32
1493	172	2736	112	224	352	32	32
1494	68	2768	112	256	128	32	32
1495	69	2800	112	288	128	32	32
1496	70	2832	112	320	128	32	32
1497	71	2864	112	352	128	32	32
1498	70	2896	112	320	128	32	32
1499	71	2928	112	352	128	32	32
1500	26	2960	112	352	32	32	32
1501	27	2992	112	384	32	32	32
1502	84	3024	112	288	160	32	32
1503	14	3056	112	448	0	32	32
1504	14	3088	112	448	0	32	32
1505	46	3120	112	32	96	32	32
1506	46	3152	112	32	96	32	32
1507	46	3184	112	32	96	32	32
1508	46	3216	112	32	96	32	32
1509	46	3248	112	32	96	32	32
1510	78	3280	112	96	160	32	32
1511	51	3312	112	192	96	32	32
1512	133	3344	112	416	256	32	32
1513	134	3376	112	448	256	32	32
1514	26	3408	112	352	32	32	32
1515	27	3440	112	384	32	32	32
1516	198	3472	112	96	416	32	32
1517	195	3504	112	0	416	32	32
1518	178	3536	112	416	352	32	32
1519	179	3568	112	448	352	32	32
1520	14	3600	112	448	0	32	32
1521	14	3632	112	448	0	32	32
1522	14	3664	112	448	0	32	32
1523	14	3696	112	448	0	32	32
1524	78	3728	112	96	160	32	32
1525	51	3760	112	192	96	32	32
1526	133	3792	112	416	256	32	32
1527	134	3824	112	448	256	32	32
1528	26	3856	112	352	32	32	32
1529	27	3888	112	384	32	32	32
1530	198	3920	112	96	416	32	32
1531	195	3952	112	0	416	32	32
1532	178	3984	112	416	352	32	32
1533	179	4016	112	448	352	32	32
1534	180	4048	112	0	384	32	32
1535	181	4080	112	32	384	32	32
1536	74	4112	112	448	128	32	32
1537	75	4144	112	0	160	32	32
1538	70	4176	112	320	128	32	32
1539	71	4208	112	352	128	32	32
1540	26	4240	112	352	32	32	32
1541	27	4272	112	384	32	32	32
1542	70	4304	112	320	128	32	32
1543	71	4336	112	352	128	32	32
1544	68	4368	112	256	128	32	32
1545	69	4400	112	288	128	32	32
1546	26	4432	112	352	32	32	32
1547	27	4464	112	384	32	32	32
1548	64	4496	112	128	128	32	32
1549	65	4528	112	160	128	32	32
1550	26	4560	112	352	32	32	32
1551	27	4592	112	384	32	32	32
1552	64	4624	112	128	128	32	32
1553	65	4656	112	160	128	32	32
1554	173	4688	112	256	352	32	32
1555	174	4720	112	288	352	32	32
1556	199	4752	112	128	416	32	32
1557	129	4784	112	288	256	32	32
1558	130	4816	112	320	256	32	32
1559	131	4848	112	352	256	32	32
1560	26	4880	112	352	32	32	32
1561	27	4912	112	384	32	32	32
1562	70	4944	112	320	128	32	32
1563	71	4976	112	352	128	32	32
1564	26	5008	112	352	32	32	32
1565	27	5040	112	384	32	32	32
1566	70	5072	112	320	128	32	32
1567	71	5104	112	352	128	32	32
1568	26	5136	112	352	32	32	32
1569	27	5168	112	384	32	32	32
1570	70	5200	112	320	128	32	32
1571	71	5232	112	352	128	32	32
1572	26	5264	112	352	32	32	32
1573	27	5296	112	384	32	32	32
1574	70	5328	112	320	128	32	32
1575	71	5360	112	352	128	32	32
1576	26	5392	112	352	32	32	32
1577	27	5424	112	384	32	32	32
1578	170	5456	112	160	352	32	32
1579	14	5488	112	448	0	32	32
1580	171	5520	112	192	352	32	32
1581	172	5552	112	224	352	32	32
1582	84	5584	112	288	160	32	32
1583	14	5616	112	448	0	32	32
1584	114	16	80	288	224	32	32
1585	115	48	80	320	224	32	32
1586	93	80	80	96	192	32	32
1587	94	112	80	128	192	32	32
1588	114	144	80	288	224	32	32
1589	115	176	80	320	224	32	32
1590	106	208	80	32	224	32	32
1591	107	240	80	64	224	32	32
1592	200	272	80	160	416	32	32
1593	201	304	80	192	416	32	32
1594	93	336	80	96	192	32	32
1595	94	368	80	128	192	32	32
1596	114	400	80	288	224	32	32
1597	115	432	80	320	224	32	32
1598	106	464	80	32	224	32	32
1599	107	496	80	64	224	32	32
1600	202	528	80	224	416	32	32
1601	96	560	80	192	192	32	32
1602	93	592	80	96	192	32	32
1603	94	624	80	128	192	32	32
1604	95	656	80	160	192	32	32
1605	96	688	80	192	192	32	32
1606	106	720	80	32	224	32	32
1607	107	752	80	64	224	32	32
1608	114	784	80	288	224	32	32
1609	115	816	80	320	224	32	32
1610	93	848	80	96	192	32	32
1611	94	880	80	128	192	32	32
1612	114	912	80	288	224	32	32
1613	115	944	80	320	224	32	32
1614	106	976	80	32	224	32	32
1615	107	1008	80	64	224	32	32
1616	202	1040	80	224	416	32	32
1617	96	1072	80	192	192	32	32
1618	93	1104	80	96	192	32	32
1619	94	1136	80	128	192	32	32
1620	95	1168	80	160	192	32	32
1621	96	1200	80	192	192	32	32
1622	136	1232	80	32	288	32	32
1623	123	1264	80	96	256	32	32
1624	203	1296	80	256	416	32	32
1625	204	1328	80	288	416	32	32
1626	205	1360	80	320	416	32	32
1627	206	1392	80	352	416	32	32
1628	200	1424	80	160	416	32	32
1629	201	1456	80	192	416	32	32
1630	114	1488	80	288	224	32	32
1631	115	1520	80	320	224	32	32
1632	93	1552	80	96	192	32	32
1633	94	1584	80	128	192	32	32
1634	114	1616	80	288	224	32	32
1635	115	1648	80	320	224	32	32
1636	114	1680	80	288	224	32	32
1637	115	1712	80	320	224	32	32
1638	93	1744	80	96	192	32	32
1639	94	1776	80	128	192	32	32
1640	114	1808	80	288	224	32	32
1641	115	1840	80	320	224	32	32
1642	93	1872	80	96	192	32	32
1643	94	1904	80	128	192	32	32
1644	200	1936	80	160	416	32	32
1645	201	1968	80	192	416	32	32
1646	200	2000	80	160	416	32	32
1647	201	2032	80	192	416	32	32
1648	93	2064	80	96	192	32	32
1649	94	2096	80	128	192	32	32
1650	106	2128	80	32	224	32	32
1651	107	2160	80	64	224	32	32
1652	93	2192	80	96	192	32	32
1653	94	2224	80	128	192	32	32
1654	106	2256	80	32	224	32	32
1655	107	2288	80	64	224	32	32
1656	93	2320	80	96	192	32	32
1657	94	2352	80	128	192	32	32
1658	106	2384	80	32	224	32	32
1659	107	2416	80	64	224	32	32
1660	93	2448	80	96	192	32	32
1661	94	2480	80	128	192	32	32
1662	200	2512	80	160	416	32	32
1663	201	2544	80	192	416	32	32
1664	136	2576	80	32	288	32	32
1665	123	2608	80	96	256	32	32
1666	203	2640	80	256	416	32	32
1667	204	2672	80	288	416	32	32
1668	205	2704	80	320	416	32	32
1669	206	2736	80	352	416	32	32
1670	200	2768	80	160	416	32	32
1671	201	2800	80	192	416	32	32
1672	114	2832	80	288	224	32	32
1673	115	2864	80	320	224	32	32
1674	114	2896	80	288	224	32	32
1675	115	2928	80	320	224	32	32
1676	93	2960	80	96	192	32	32
1677	94	2992	80	128	192	32	32
1678	207	3024	80	384	416	32	32
1679	14	3056	80	448	0	32	32
1680	14	3088	80	448	0	32	32
1681	46	3120	80	32	96	32	32
1682	152	3152	80	64	320	32	32
1683	153	3184	80	96	320	32	32
1684	46	3216	80	32	96	32	32
1685	46	3248	80	32	96	32	32
1686	109	3280	80	128	224	32	32
1687	110	3312	80	160	224	32	32
1688	15	3344	80	0	32	32	32
1689	154	3376	80	128	320	32	32
1690	93	3408	80	96	192	32	32
1691	94	3440	80	128	192	32	32
1692	108	3472	80	96	224	32	32
1693	208	3504	80	416	416	32	32
1694	195	3536	80	0	416	32	32
1695	209	3568	80	448	416	32	32
1696	14	3600	80	448	0	32	32
1697	14	3632	80	448	0	32	32
1698	14	3664	80	448	0	32	32
1699	14	3696	80	448	0	32	32
1700	109	3728	80	128	224	32	32
1701	110	3760	80	160	224	32	32
1702	210	3792	80	0	448	32	32
1703	211	3824	80	32	448	32	32
1704	93	3856	80	96	192	32	32
1705	94	3888	80	128	192	32	32
1706	108	3920	80	96	224	32	32
1707	208	3952	80	416	416	32	32
1708	195	3984	80	0	416	32	32
1709	209	4016	80	448	416	32	32
1710	212	4048	80	64	448	32	32
1711	181	4080	80	32	384	32	32
1712	95	4112	80	160	192	32	32
1713	96	4144	80	192	192	32	32
1714	114	4176	80	288	224	32	32
1715	115	4208	80	320	224	32	32
1716	93	4240	80	96	192	32	32
1717	94	4272	80	128	192	32	32
1718	114	4304	80	288	224	32	32
1719	115	4336	80	320	224	32	32
1720	200	4368	80	160	416	32	32
1721	201	4400	80	192	416	32	32
1722	93	4432	80	96	192	32	32
1723	94	4464	80	128	192	32	32
1724	202	4496	80	224	416	32	32
1725	96	4528	80	192	192	32	32
1726	93	4560	80	96	192	32	32
1727	94	4592	80	128	192	32	32
1728	202	4624	80	224	416	32	32
1729	96	4656	80	192	192	32	32
1730	213	4688	80	96	448	32	32
1731	214	4720	80	128	448	32	32
1732	215	4752	80	160	448	32	32
1733	216	4784	80	192	448	32	32
1734	129	4816	80	288	256	32	32
1735	145	4848	80	320	288	32	32
1736	93	4880	80	96	192	32	32
1737	94	4912	80	128	192	32	32
1738	114	4944	80	288	224	32	32
1739	115	4976	80	320	224	32	32
1740	93	5008	80	96	192	32	32
1741	94	5040	80	128	192	32	32
1742	114	5072	80	288	224	32	32
1743	115	5104	80	320	224	32	32
1744	93	5136	80	96	192	32	32
1745	94	5168	80	128	192	32	32
1746	114	5200	80	288	224	32	32
1747	115	5232	80	320	224	32	32
1748	93	5264	80	96	192	32	32
1749	94	5296	80	128	192	32	32
1750	114	5328	80	288	224	32	32
1751	115	5360	80	320	224	32	32
1752	93	5392	80	96	192	32	32
1753	94	5424	80	128	192	32	32
1754	203	5456	80	256	416	32	32
1755	216	5488	80	192	448	32	32
1756	205	5520	80	320	416	32	32
1757	206	5552	80	352	416	32	32
1758	207	5584	80	384	416	32	32
1759	14	5616	80	448	0	32	32
1760	127	16	48	224	256	32	32
1761	128	48	48	256	256	32	32
1762	125	80	48	160	256	32	32
1763	126	112	48	192	256	32	32
1764	127	144	48	224	256	32	32
1765	128	176	48	256	256	32	32
1766	127	208	48	224	256	32	32
1767	128	240	48	256	256	32	32
1768	127	272	48	224	256	32	32
1769	128	304	48	256	256	32	32
1770	125	336	48	160	256	32	32
1771	126	368	48	192	256	32	32
1772	127	400	48	224	256	32	32
1773	128	432	48	256	256	32	32
1774	127	464	48	224	256	32	32
1775	128	496	48	256	256	32	32
1776	127	528	48	224	256	32	32
1777	128	560	48	256	256	32	32
1778	125	592	48	160	256	32	32
1779	126	624	48	192	256	32	32
1780	127	656	48	224	256	32	32
1781	128	688	48	256	256	32	32
1782	127	720	48	224	256	32	32
1783	128	752	48	256	256	32	32
1784	127	784	48	224	256	32	32
1785	128	816	48	256	256	32	32
1786	125	848	48	160	256	32	32
1787	126	880	48	192	256	32	32
1788	127	912	48	224	256	32	32
1789	128	944	48	256	256	32	32
1790	127	976	48	224	256	32	32
1791	128	1008	48	256	256	32	32
1792	127	1040	48	224	256	32	32
1793	128	1072	48	256	256	32	32
1794	125	1104	48	160	256	32	32
1795	126	1136	48	192	256	32	32
1796	127	1168	48	224	256	32	32
1797	128	1200	48	256	256	32	32
1798	170	1232	48	160	352	32	32
1799	14	1264	48	448	0	32	32
1800	127	1296	48	224	256	32	32
1801	128	1328	48	256	256	32	32
1802	127	1360	48	224	256	32	32
1803	128	1392	48	256	256	32	32
1804	127	1424	48	224	256	32	32
1805	128	1456	48	256	256	32	32
1806	127	1488	48	224	256	32	32
1807	128	1520	48	256	256	32	32
1808	125	1552	48	160	256	32	32
1809	126	1584	48	192	256	32	32
1810	127	1616	48	224	256	32	32
1811	128	1648	48	256	256	32	32
1812	127	1680	48	224	256	32	32
1813	128	1712	48	256	256	32	32
1814	125	1744	48	160	256	32	32
1815	126	1776	48	192	256	32	32
1816	127	1808	48	224	256	32	32
1817	128	1840	48	256	256	32	32
1818	125	1872	48	160	256	32	32
1819	126	1904	48	192	256	32	32
1820	127	1936	48	224	256	32	32
1821	128	1968	48	256	256	32	32
1822	127	2000	48	224	256	32	32
1823	128	2032	48	256	256	32	32
1824	125	2064	48	160	256	32	32
1825	126	2096	48	192	256	32	32
1826	127	2128	48	224	256	32	32
1827	128	2160	48	256	256	32	32
1828	125	2192	48	160	256	32	32
1829	126	2224	48	192	256	32	32
1830	127	2256	48	224	256	32	32
1831	128	2288	48	256	256	32	32
1832	125	2320	48	160	256	32	32
1833	126	2352	48	192	256	32	32
1834	127	2384	48	224	256	32	32
1835	128	2416	48	256	256	32	32
1836	125	2448	48	160	256	32	32
1837	126	2480	48	192	256	32	32
1838	127	2512	48	224	256	32	32
1839	128	2544	48	256	256	32	32
1840	170	2576	48	160	352	32	32
1841	14	2608	48	448	0	32	32
1842	127	2640	48	224	256	32	32
1843	128	2672	48	256	256	32	32
1844	127	2704	48	224	256	32	32
1845	128	2736	48	256	256	32	32
1846	127	2768	48	224	256	32	32
1847	128	2800	48	256	256	32	32
1848	127	2832	48	224	256	32	32
1849	128	2864	48	256	256	32	32
1850	127	2896	48	224	256	32	32
1851	128	2928	48	256	256	32	32
1852	125	2960	48	160	256	32	32
1853	126	2992	48	192	256	32	32
1854	217	3024	48	224	448	32	32
1855	14	3056	48	448	0	32	32
1856	14	3088	48	448	0	32	32
1857	132	3120	48	384	256	32	32
1858	124	3152	48	128	256	32	32
1859	218	3184	48	256	448	32	32
1860	132	3216	48	384	256	32	32
1861	132	3248	48	384	256	32	32
1862	125	3280	48	160	256	32	32
1863	126	3312	48	192	256	32	32
1864	132	3344	48	384	256	32	32
1865	132	3376	48	384	256	32	32
1866	125	3408	48	160	256	32	32
1867	126	3440	48	192	256	32	32
1868	132	3472	48	384	256	32	32
1869	132	3504	48	384	256	32	32
1870	14	3536	48	448	0	32	32
1871	219	3568	48	288	448	32	32
1872	14	3600	48	448	0	32	32
1873	14	3632	48	448	0	32	32
1874	14	3664	48	448	0	32	32
1875	14	3696	48	448	0	32	32
1876	125	3728	48	160	256	32	32
1877	126	3760	48	192	256	32	32
1878	124	3792	48	128	256	32	32
1879	177	3824	48	384	352	32	32
1880	125	3856	48	160	256	32	32
1881	126	3888	48	192	256	32	32
1882	132	3920	48	384	256	32	32
1883	132	3952	48	384	256	32	32
1884	14	3984	48	448	0	32	32
1885	219	4016	48	288	448	32	32
1886	220	4048	48	320	448	32	32
1887	221	4080	48	352	448	32	32
1888	127	4112	48	224	256	32	32
1889	128	4144	48	256	256	32	32
1890	127	4176	48	224	256	32	32
1891	128	4208	48	256	256	32	32
1892	125	4240	48	160	256	32	32
1893	126	4272	48	192	256	32	32
1894	127	4304	48	224	256	32	32
1895	128	4336	48	256	256	32	32
1896	127	4368	48	224	256	32	32
1897	128	4400	48	256	256	32	32
1898	125	4432	48	160	256	32	32
1899	126	4464	48	192	256	32	32
1900	127	4496	48	224	256	32	32
1901	128	4528	48	256	256	32	32
1902	125	4560	48	160	256	32	32
1903	126	4592	48	192	256	32	32
1904	127	4624	48	224	256	32	32
1905	128	4656	48	256	256	32	32
1906	127	4688	48	224	256	32	32
1907	128	4720	48	256	256	32	32
1908	127	4752	48	224	256	32	32
1909	128	4784	48	256	256	32	32
1910	14	4816	48	448	0	32	32
1911	175	4848	48	320	352	32	32
1912	125	4880	48	160	256	32	32
1913	126	4912	48	192	256	32	32
1914	127	4944	48	224	256	32	32
1915	128	4976	48	256	256	32	32
1916	125	5008	48	160	256	32	32
1917	126	5040	48	192	256	32	32
1918	127	5072	48	224	256	32	32
1919	128	5104	48	256	256	32	32
1920	125	5136	48	160	256	32	32
1921	126	5168	48	192	256	32	32
1922	127	5200	48	224	256	32	32
1923	128	5232	48	256	256	32	32
1924	125	5264	48	160	256	32	32
1925	126	5296	48	192	256	32	32
1926	127	5328	48	224	256	32	32
1927	128	5360	48	256	256	32	32
1928	125	5392	48	160	256	32	32
1929	126	5424	48	192	256	32	32
1930	127	5456	48	224	256	32	32
1931	128	5488	48	256	256	32	32
1932	127	5520	48	224	256	32	32
1933	128	5552	48	256	256	32	32
1934	217	5584	48	224	448	32	32
1935	14	5616	48	448	0	32	32
1936	14	16	16	448	0	32	32
1937	14	48	16	448	0	32	32
1938	14	80	16	448	0	32	32
1939	14	112	16	448	0	32	32
1940	14	144	16	448	0	32	32
1941	14	176	16	448	0	32	32
1942	14	208	16	448	0	32	32
1943	14	240	16	448	0	32	32
1944	14	272	16	448	0	32	32
1945	14	304	16	448	0	32	32
1946	14	336	16	448	0	32	32
1947	14	368	16	448	0	32	32
1948	14	400	16	448	0	32	32
1949	14	432	16	448	0	32	32
1950	14	464	16	448	0	32	32
1951	14	496	16	448	0	32	32
1952	14	528	16	448	0	32	32
1953	14	560	16	448	0	32	32
1954	14	592	16	448	0	32	32
1955	14	624	16	448	0	32	32
1956	14	656	16	448	0	32	32
1957	14	688	16	448	0	32	32
1958	14	720	16	448	0	32	32
1959	14	752	16	448	0	32	32
1960	14	784	16	448	0	32	32
1961	14	816	16	448	0	32	32
1962	14	848	16	448	0	32	32
1963	14	880	16	448	0	32	32
1964	14	912	16	448	0	32	32
1965	14	944	16	448	0	32	32
1966	14	976	16	448	0	32	32
1967	14	1008	16	448	0	32	32
1968	14	1040	16	448	0	32	32
1969	14	1072	16	448	0	32	32
1970	14	1104	16	448	0	32	32
1971	14	1136	16	448	0	32	32
1972	14	1168	16	448	0	32	32
1973	14	1200	16	448	0	32	32
1974	14	1232	16	448	0	32	32
1975	14	1264	16	448	0	32	32
1976	14	1296	16	448	0	32	32
1977	14	1328	16	448	0	32	32
1978	14	1360	16	448	0	32	32
1979	14	1392	16	448	0	32	32
1980	14	1424	16	448	0	32	32
1981	14	1456	16	448	0	32	32
1982	14	1488	16	448	0	32	32
1983	14	1520	16	448	0	32	32
1984	14	1552	16	448	0	32	32
1985	14	1584	16	448	0	32	32
1986	14	1616	16	448	0	32	32
1987	14	1648	16	448	0	32	32
1988	14	1680	16	448	0	32	32
1989	14	1712	16	448	0	32	32
1990	14	1744	16	448	0	32	32
1991	14	1776	16	448	0	32	32
1992	14	1808	16	448	0	32	32
1993	14	1840	16	448	0	32	32
1994	14	1872	16	448	0	32	32
1995	14	1904	16	448	0	32	32
1996	14	1936	16	448	0	32	32
1997	14	1968	16	448	0	32	32
1998	14	2000	16	448	0	32	32
1999	14	2032	16	448	0	32	32
2000	14	2064	16	448	0	32	32
2001	14	2096	16	448	0	32	32
2002	14	2128	16	448	0	32	32
2003	14	2160	16	448	0	32	32
2004	14	2192	16	448	0	32	32
2005	14	2224	16	448	0	32	32
2006	14	2256	16	448	0	32	32
2007	14	2288	16	448	0	32	32
2008	14	2320	16	448	0	32	32
2009	14	2352	16	448	0	32	32
2010	14	2384	16	448	0	32	32
2011	14	2416	16	448	0	32	32
2012	14	2448	16	448	0	32	32
2013	14	2480	16	448	0	32	32
2014	14	2512	16	448	0	32	32
2015	14	2544	16	448	0	32	32
2016	14	2576	16	448	0	32	32
2017	14	2608	16	448	0	32	32
2018	14	2640	16	448	0	32	32
2019	14	2672	16	448	0	32	32
2020	14	2704	16	448	0	32	32
2021	14	2736	16	448	0	32	32
2022	14	2768	16	448	0	32	32
2023	14	2800	16	448	0	32	32
2024	14	2832	16	448	0	32	32
2025	14	2864	16	448	0	32	32
2026	14	2896	16	448	0	32	32
2027	14	2928	16	448	0	32	32
2028	14	2960	16	448	0	32	32
2029	14	2992	16	448	0	32	32
2030	14	3024	16	448	0	32	32
2031	14	3056	16	448	0	32	32
2032	14	3088	16	448	0	32	32
2033	14	3120	16	448	0	32	32
2034	14	3152	16	448	0	32	32
2035	14	3184	16	448	0	32	32
2036	14	3216	16	448	0	32	32
2037	14	3248	16	448	0	32	32
2038	14	3280	16	448	0	32	32
2039	14	3312	16	448	0	32	32
2040	14	3344	16	448	0	32	32
2041	14	3376	16	448	0	32	32
2042	14	3408	16	448	0	32	32
2043	14	3440	16	448	0	32	32
2044	14	3472	16	448	0	32	32
2045	14	3504	16	448	0	32	32
2046	14	3536	16	448	0	32	32
2047	14	3568	16	448	0	32	32
2048	14	3600	16	448	0	32	32
2049	14	3632	16	448	0	32	32
2050	14	3664	16	448	0	32	32
2051	14	3696	16	448	0	32	32
2052	14	3728	16	448	0	32	32
2053	14	3760	16	448	0	32	32
2054	14	3792	16	448	0	32	32
2055	14	3824	16	448	0	32	32
2056	14	3856	16	448	0	32	32
2057	14	3888	16	448	0	32	32
2058	14	3920	16	448	0	32	32
2059	14	3952	16	448	0	32	32
2060	14	3984	16	448	0	32	32
2061	14	4016	16	448	0	32	32
2062	14	4048	16	448	0	32	32
2063	14	4080	16	448	0	32	32
2064	14	4112	16	448	0	32	32
2065	14	4144	16	448	0	32	32
2066	14	4176	16	448	0	32	32
2067	14	4208	16	448	0	32	32
2068	14	4240	16	448	0	32	32
2069	14	4272	16	448	0	32	32
2070	14	4304	16	448	0	32	32
2071	14	4336	16	448	0	32	32
2072	14	4368	16	448	0	32	32
2073	14	4400	16	448	0	32	32
2074	14	4432	16	448	0	32	32
2075	14	4464	16	448	0	32	32
2076	14	4496	16	448	0	32	32
2077	14	4528	16	448	0	32	32
2078	14	4560	16	448	0	32	32
2079	14	4592	16	448	0	32	32
2080	14	4624	16	448	0	32	32
2081	14	4656	16	448	0	32	32
2082	14	4688	16	448	0	32	32
2083	14	4720	16	448	0	32	32
2084	14	4752	16	448	0	32	32
2085	14	4784	16	448	0	32	32
2086	14	4816	16	448	0	32	32
2087	14	4848	16	448	0	32	32
2088	14	4880	16	448	0	32	32
2089	14	4912	16	448	0	32	32
2090	14	4944	16	448	0	32	32
2091	14	4976	16	448	0	32	32
2092	14	5008	16	448	0	32	32
2093	14	5040	16	448	0	32	32
2094	14	5072	16	448	0	32	32
2095	14	5104	16	448	0	32	32
2096	14	5136	16	448	0	32	32
2097	14	5168	16	448	0	32	32
2098	14	5200	16	448	0	32	32
2099	14	5232	16	448	0	32	32
2100	14	5264	16	448	0	32	32
2101	14	5296	16	448	0	32	32
2102	14	5328	16	448	0	32	32
2103	14	5360	16	448	0	32	32
2104	14	5392	16	448	0	32	32
2105	14	5424	16	448	0	32	32
2106	14	5456	16	448	0	32	32
2107	14	5488	16	448	0	32	32
2108	14	5520	16	448	0	32	32
2109	14	5552	16	448	0	32	32
2110	14	5584	16	448	0	32	32
2111	14	5616	16	448	0	32	32