1	0	0	3840	3840	
9	0	1920	1920	1920	
73	0	2880	960	960	
585	0	3360	480	480	
4681	0	3600	240	240	
37449	0	3720	120	120	
37450	120	3720	120	120	
37451	0	3600	120	120	
37452	120	3600	120	120	
4682	240	3600	240	240	
37457	240	3720	120	120	
37458	360	3720	120	120	
37459	240	3600	120	120	
37460	360	3600	120	120	
4683	0	3360	240	240	
37465	0	3480	120	120	
37466	120	3480	120	120	
37467	0	3360	120	120	
37468	120	3360	120	120	
4684	240	3360	240	240	
37473	240	3480	120	120	
37474	360	3480	120	120	
37475	240	3360	120	120	
37476	360	3360	120	120	
586	480	3360	480	480	
4689	480	3600	240	240	
37513	480	3720	120	120	
37514	600	3720	120	120	
37515	480	3600	120	120	
37516	600	3600	120	120	
4690	720	3600	240	240	
37521	720	3720	120	120	
37522	840	3720	120	120	
37523	720	3600	120	120	
37524	840	3600	120	120	
4691	480	3360	240	240	
37529	480	3480	120	120	
37530	600	3480	120	120	
37531	480	3360	120	120	
37532	600	3360	120	120	
4692	720	3360	240	240	
37537	720	3480	120	120	
37538	840	3480	120	120	
37539	720	3360	120	120	
37540	840	3360	120	120	
587	0	2880	480	480	
4697	0	3120	240	240	
37577	0	3240	120	120	
37578	120	3240	120	120	
37579	0	3120	120	120	
37580	120	3120	120	120	
4698	240	3120	240	240	
37585	240	3240	120	120	
37586	360	3240	120	120	
37587	240	3120	120	120	
37588	360	3120	120	120	
4699	0	2880	240	240	
37593	0	3000	120	120	
37594	120	3000	120	120	
37595	0	2880	120	120	
37596	120	2880	120	120	
4700	240	2880	240	240	
37601	240	3000	120	120	
37602	360	3000	120	120	
37603	240	2880	120	120	
37604	360	2880	120	120	
588	480	2880	480	480	
4705	480	3120	240	240	
37641	480	3240	120	120	
37642	600	3240	120	120	
37643	480	3120	120	120	
37644	600	3120	120	120	
4706	720	3120	240	240	
37649	720	3240	120	120	
37650	840	3240	120	120	
37651	720	3120	120	120	
37652	840	3120	120	120	
4707	480	2880	240	240	
37657	480	3000	120	120	
37658	600	3000	120	120	
37659	480	2880	120	120	
37660	600	2880	120	120	
4708	720	2880	240	240	
37665	720	3000	120	120	
37666	840	3000	120	120	
37667	720	2880	120	120	
37668	840	2880	120	120	
74	960	2880	960	960	
593	960	3360	480	480	
4745	960	3600	240	240	
37961	960	3720	120	120	
37962	1080	3720	120	120	
37963	960	3600	120	120	
37964	1080	3600	120	120	
4746	1200	3600	240	240	
37969	1200	3720	120	120	
37970	1320	3720	120	120	
37971	1200	3600	120	120	
37972	1320	3600	120	120	
4747	960	3360	240	240	
37977	960	3480	120	120	
37978	1080	3480	120	120	
37979	960	3360	120	120	
37980	1080	3360	120	120	
4748	1200	3360	240	240	
37985	1200	3480	120	120	
37986	1320	3480	120	120	
37987	1200	3360	120	120	
37988	1320	3360	120	120	
594	1440	3360	480	480	
4753	1440	3600	240	240	
38025	1440	3720	120	120	
38026	1560	3720	120	120	
38027	1440	3600	120	120	
38028	1560	3600	120	120	
4754	1680	3600	240	240	
38033	1680	3720	120	120	
38034	1800	3720	120	120	
38035	1680	3600	120	120	
38036	1800	3600	120	120	
4755	1440	3360	240	240	
38041	1440	3480	120	120	
38042	1560	3480	120	120	
38043	1440	3360	120	120	
38044	1560	3360	120	120	
4756	1680	3360	240	240	
38049	1680	3480	120	120	
38050	1800	3480	120	120	
38051	1680	3360	120	120	
38052	1800	3360	120	120	
595	960	2880	480	480	
4761	960	3120	240	240	
38089	960	3240	120	120	
38090	1080	3240	120	120	
38091	960	3120	120	120	
38092	1080	3120	120	120	
4762	1200	3120	240	240	
38097	1200	3240	120	120	
38098	1320	3240	120	120	
38099	1200	3120	120	120	
38100	1320	3120	120	120	
4763	960	2880	240	240	
38105	960	3000	120	120	
38106	1080	3000	120	120	
38107	960	2880	120	120	
38108	1080	2880	120	120	
4764	1200	2880	240	240	
38113	1200	3000	120	120	
38114	1320	3000	120	120	
38115	1200	2880	120	120	
38116	1320	2880	120	120	
596	1440	2880	480	480	
4769	1440	3120	240	240	
38153	1440	3240	120	120	
38154	1560	3240	120	120	
38155	1440	3120	120	120	
38156	1560	3120	120	120	
4770	1680	3120	240	240	
38161	1680	3240	120	120	
38162	1800	3240	120	120	
38163	1680	3120	120	120	
38164	1800	3120	120	120	
4771	1440	2880	240	240	
38169	1440	3000	120	120	
38170	1560	3000	120	120	
38171	1440	2880	120	120	
38172	1560	2880	120	120	
4772	1680	2880	240	240	
38177	1680	3000	120	120	
38178	1800	3000	120	120	
38179	1680	2880	120	120	
38180	1800	2880	120	120	
75	0	1920	960	960	
601	0	2400	480	480	
4809	0	2640	240	240	
38473	0	2760	120	120	
38474	120	2760	120	120	
38475	0	2640	120	120	
38476	120	2640	120	120	
4810	240	2640	240	240	
38481	240	2760	120	120	
38482	360	2760	120	120	
38483	240	2640	120	120	
38484	360	2640	120	120	
4811	0	2400	240	240	
38489	0	2520	120	120	
38490	120	2520	120	120	
38491	0	2400	120	120	
38492	120	2400	120	120	
4812	240	2400	240	240	
38497	240	2520	120	120	
38498	360	2520	120	120	
38499	240	2400	120	120	
38500	360	2400	120	120	
602	480	2400	480	480	
4817	480	2640	240	240	
38537	480	2760	120	120	
38538	600	2760	120	120	
38539	480	2640	120	120	
38540	600	2640	120	120	
4818	720	2640	240	240	
38545	720	2760	120	120	
38546	840	2760	120	120	
38547	720	2640	120	120	
38548	840	2640	120	120	
4819	480	2400	240	240	
38553	480	2520	120	120	
38554	600	2520	120	120	
38555	480	2400	120	120	
38556	600	2400	120	120	
4820	720	2400	240	240	
38561	720	2520	120	120	
38562	840	2520	120	120	
38563	720	2400	120	120	
38564	840	2400	120	120	
603	0	1920	480	480	
4825	0	2160	240	240	
38601	0	2280	120	120	
38602	120	2280	120	120	
38603	0	2160	120	120	
38604	120	2160	120	120	
4826	240	2160	240	240	
38609	240	2280	120	120	
38610	360	2280	120	120	
38611	240	2160	120	120	
38612	360	2160	120	120	
4827	0	1920	240	240	
38617	0	2040	120	120	
38618	120	2040	120	120	
38619	0	1920	120	120	
38620	120	1920	120	120	
4828	240	1920	240	240	
38625	240	2040	120	120	
38626	360	2040	120	120	
38627	240	1920	120	120	
38628	360	1920	120	120	
604	480	1920	480	480	
4833	480	2160	240	240	
38665	480	2280	120	120	
38666	600	2280	120	120	
38667	480	2160	120	120	
38668	600	2160	120	120	
4834	720	2160	240	240	
38673	720	2280	120	120	
38674	840	2280	120	120	
38675	720	2160	120	120	
38676	840	2160	120	120	
4835	480	1920	240	240	
38681	480	2040	120	120	
38682	600	2040	120	120	
38683	480	1920	120	120	
38684	600	1920	120	120	
4836	720	1920	240	240	
38689	720	2040	120	120	
38690	840	2040	120	120	
38691	720	1920	120	120	
38692	840	1920	120	120	
76	960	1920	960	960	
609	960	2400	480	480	
4873	960	2640	240	240	
38985	960	2760	120	120	
38986	1080	2760	120	120	
38987	960	2640	120	120	
38988	1080	2640	120	120	
4874	1200	2640	240	240	
38993	1200	2760	120	120	
38994	1320	2760	120	120	
38995	1200	2640	120	120	
38996	1320	2640	120	120	
4875	960	2400	240	240	
39001	960	2520	120	120	
39002	1080	2520	120	120	
39003	960	2400	120	120	
39004	1080	2400	120	120	
4876	1200	2400	240	240	
39009	1200	2520	120	120	
39010	1320	2520	120	120	
39011	1200	2400	120	120	
39012	1320	2400	120	120	
610	1440	2400	480	480	
4881	1440	2640	240	240	
39049	1440	2760	120	120	
39050	1560	2760	120	120	
39051	1440	2640	120	120	
39052	1560	2640	120	120	
4882	1680	2640	240	240	
39057	1680	2760	120	120	
39058	1800	2760	120	120	
39059	1680	2640	120	120	
39060	1800	2640	120	120	
4883	1440	2400	240	240	
39065	1440	2520	120	120	
39066	1560	2520	120	120	
39067	1440	2400	120	120	
39068	1560	2400	120	120	
4884	1680	2400	240	240	
39073	1680	2520	120	120	
39074	1800	2520	120	120	
39075	1680	2400	120	120	
39076	1800	2400	120	120	
611	960	1920	480	480	
4889	960	2160	240	240	
39113	960	2280	120	120	
39114	1080	2280	120	120	
39115	960	2160	120	120	
39116	1080	2160	120	120	
4890	1200	2160	240	240	
39121	1200	2280	120	120	
39122	1320	2280	120	120	
39123	1200	2160	120	120	
39124	1320	2160	120	120	
4891	960	1920	240	240	
39129	960	2040	120	120	
39130	1080	2040	120	120	
39131	960	1920	120	120	
39132	1080	1920	120	120	
4892	1200	1920	240	240	
39137	1200	2040	120	120	
39138	1320	2040	120	120	
39139	1200	1920	120	120	
39140	1320	1920	120	120	
612	1440	1920	480	480	
4897	1440	2160	240	240	
39177	1440	2280	120	120	
39178	1560	2280	120	120	
39179	1440	2160	120	120	
39180	1560	2160	120	120	
4898	1680	2160	240	240	
39185	1680	2280	120	120	
39186	1800	2280	120	120	
39187	1680	2160	120	120	
39188	1800	2160	120	120	
4899	1440	1920	240	240	
39193	1440	2040	120	120	
39194	1560	2040	120	120	
39195	1440	1920	120	120	
39196	1560	1920	120	120	
4900	1680	1920	240	240	
39201	1680	2040	120	120	
39202	1800	2040	120	120	
39203	1680	1920	120	120	
39204	1800	1920	120	120	
10	1920	1920	1920	1920	
81	1920	2880	960	960	
649	1920	3360	480	480	
5193	1920	3600	240	240	
41545	1920	3720	120	120	
41546	2040	3720	120	120	
41547	1920	3600	120	120	
41548	2040	3600	120	120	
5194	2160	3600	240	240	
41553	2160	3720	120	120	
41554	2280	3720	120	120	
41555	2160	3600	120	120	
41556	2280	3600	120	120	
5195	1920	3360	240	240	
41561	1920	3480	120	120	
41562	2040	3480	120	120	
41563	1920	3360	120	120	
41564	2040	3360	120	120	
5196	2160	3360	240	240	
41569	2160	3480	120	120	
41570	2280	3480	120	120	
41571	2160	3360	120	120	
41572	2280	3360	120	120	
650	2400	3360	480	480	
5201	2400	3600	240	240	
41609	2400	3720	120	120	
41610	2520	3720	120	120	
41611	2400	3600	120	120	
41612	2520	3600	120	120	
5202	2640	3600	240	240	
41617	2640	3720	120	120	
41618	2760	3720	120	120	
41619	2640	3600	120	120	
41620	2760	3600	120	120	
5203	2400	3360	240	240	
41625	2400	3480	120	120	
41626	2520	3480	120	120	
41627	2400	3360	120	120	
41628	2520	3360	120	120	
5204	2640	3360	240	240	
41633	2640	3480	120	120	
41634	2760	3480	120	120	
41635	2640	3360	120	120	
41636	2760	3360	120	120	
651	1920	2880	480	480	
5209	1920	3120	240	240	
41673	1920	3240	120	120	
41674	2040	3240	120	120	
41675	1920	3120	120	120	
41676	2040	3120	120	120	
5210	2160	3120	240	240	
41681	2160	3240	120	120	
41682	2280	3240	120	120	
41683	2160	3120	120	120	
41684	2280	3120	120	120	
5211	1920	2880	240	240	
41689	1920	3000	120	120	
41690	2040	3000	120	120	
41691	1920	2880	120	120	
41692	2040	2880	120	120	
5212	2160	2880	240	240	
41697	2160	3000	120	120	
41698	2280	3000	120	120	
41699	2160	2880	120	120	
41700	2280	2880	120	120	
652	2400	2880	480	480	
5217	2400	3120	240	240	
41737	2400	3240	120	120	
41738	2520	3240	120	120	
41739	2400	3120	120	120	
41740	2520	3120	120	120	
5218	2640	3120	240	240	
41745	2640	3240	120	120	
41746	2760	3240	120	120	
41747	2640	3120	120	120	
41748	2760	3120	120	120	
5219	2400	2880	240	240	
41753	2400	3000	120	120	
41754	2520	3000	120	120	
41755	2400	2880	120	120	
41756	2520	2880	120	120	
5220	2640	2880	240	240	
41761	2640	3000	120	120	
41762	2760	3000	120	120	
41763	2640	2880	120	120	
41764	2760	2880	120	120	
82	2880	2880	960	960	
657	2880	3360	480	480	
5257	2880	3600	240	240	
42057	2880	3720	120	120	
42058	3000	3720	120	120	
42059	2880	3600	120	120	
42060	3000	3600	120	120	
5258	3120	3600	240	240	
42065	3120	3720	120	120	
42066	3240	3720	120	120	
42067	3120	3600	120	120	
42068	3240	3600	120	120	
5259	2880	3360	240	240	
42073	2880	3480	120	120	
42074	3000	3480	120	120	
42075	2880	3360	120	120	
42076	3000	3360	120	120	
5260	3120	3360	240	240	
42081	3120	3480	120	120	
42082	3240	3480	120	120	
42083	3120	3360	120	120	
42084	3240	3360	120	120	
658	3360	3360	480	480	
5265	3360	3600	240	240	
42121	3360	3720	120	120	
42122	3480	3720	120	120	
42123	3360	3600	120	120	
42124	3480	3600	120	120	
5266	3600	3600	240	240	
42129	3600	3720	120	120	
42130	3720	3720	120	120	
42131	3600	3600	120	120	
42132	3720	3600	120	120	
5267	3360	3360	240	240	
42137	3360	3480	120	120	
42138	3480	3480	120	120	
42139	3360	3360	120	120	
42140	3480	3360	120	120	
5268	3600	3360	240	240	
42145	3600	3480	120	120	
42146	3720	3480	120	120	
42147	3600	3360	120	120	
42148	3720	3360	120	120	
659	2880	2880	480	480	
5273	2880	3120	240	240	
42185	2880	3240	120	120	
42186	3000	3240	120	120	
42187	2880	3120	120	120	
42188	3000	3120	120	120	
5274	3120	3120	240	240	
42193	3120	3240	120	120	
42194	3240	3240	120	120	
42195	3120	3120	120	120	
42196	3240	3120	120	120	
5275	2880	2880	240	240	
42201	2880	3000	120	120	
42202	3000	3000	120	120	
42203	2880	2880	120	120	
42204	3000	2880	120	120	
5276	3120	2880	240	240	
42209	3120	3000	120	120	
42210	3240	3000	120	120	
42211	3120	2880	120	120	
42212	3240	2880	120	120	
660	3360	2880	480	480	
5281	3360	3120	240	240	
42249	3360	3240	120	120	
42250	3480	3240	120	120	
42251	3360	3120	120	120	
42252	3480	3120	120	120	
5282	3600	3120	240	240	
42257	3600	3240	120	120	
42258	3720	3240	120	120	
42259	3600	3120	120	120	
42260	3720	3120	120	120	
5283	3360	2880	240	240	
42265	3360	3000	120	120	
42266	3480	3000	120	120	
42267	3360	2880	120	120	
42268	3480	2880	120	120	
5284	3600	2880	240	240	
42273	3600	3000	120	120	
42274	3720	3000	120	120	
42275	3600	2880	120	120	
42276	3720	2880	120	120	
83	1920	1920	960	960	
665	1920	2400	480	480	
5321	1920	2640	240	240	
42569	1920	2760	120	120	
42570	2040	2760	120	120	
42571	1920	2640	120	120	
42572	2040	2640	120	120	
5322	2160	2640	240	240	
42577	2160	2760	120	120	
42578	2280	2760	120	120	
42579	2160	2640	120	120	
42580	2280	2640	120	120	
5323	1920	2400	240	240	
42585	1920	2520	120	120	
42586	2040	2520	120	120	
42587	1920	2400	120	120	
42588	2040	2400	120	120	
5324	2160	2400	240	240	
42593	2160	2520	120	120	
42594	2280	2520	120	120	
42595	2160	2400	120	120	
42596	2280	2400	120	120	
666	2400	2400	480	480	
5329	2400	2640	240	240	
42633	2400	2760	120	120	
42634	2520	2760	120	120	
42635	2400	2640	120	120	
42636	2520	2640	120	120	
5330	2640	2640	240	240	
42641	2640	2760	120	120	
42642	2760	2760	120	120	
42643	2640	2640	120	120	
42644	2760	2640	120	120	
5331	2400	2400	240	240	
42649	2400	2520	120	120	
42650	2520	2520	120	120	
42651	2400	2400	120	120	
42652	2520	2400	120	120	
5332	2640	2400	240	240	
42657	2640	2520	120	120	
42658	2760	2520	120	120	
42659	2640	2400	120	120	
42660	2760	2400	120	120	
667	1920	1920	480	480	
5337	1920	2160	240	240	
42697	1920	2280	120	120	
42698	2040	2280	120	120	
42699	1920	2160	120	120	
42700	2040	2160	120	120	
5338	2160	2160	240	240	
42705	2160	2280	120	120	
42706	2280	2280	120	120	
42707	2160	2160	120	120	
42708	2280	2160	120	120	
5339	1920	1920	240	240	
42713	1920	2040	120	120	
42714	2040	2040	120	120	
42715	1920	1920	120	120	
42716	2040	1920	120	120	
5340	2160	1920	240	240	
42721	2160	2040	120	120	
42722	2280	2040	120	120	
42723	2160	1920	120	120	
42724	2280	1920	120	120	
668	2400	1920	480	480	
5345	2400	2160	240	240	
42761	2400	2280	120	120	
42762	2520	2280	120	120	
42763	2400	2160	120	120	
42764	2520	2160	120	120	
5346	2640	2160	240	240	
42769	2640	2280	120	120	
42770	2760	2280	120	120	
42771	2640	2160	120	120	
42772	2760	2160	120	120	
5347	2400	1920	240	240	
42777	2400	2040	120	120	
42778	2520	2040	120	120	
42779	2400	1920	120	120	
42780	2520	1920	120	120	
5348	2640	1920	240	240	
42785	2640	2040	120	120	
42786	2760	2040	120	120	
42787	2640	1920	120	120	
42788	2760	1920	120	120	
84	2880	1920	960	960	
673	2880	2400	480	480	
5385	2880	2640	240	240	
43081	2880	2760	120	120	
43082	3000	2760	120	120	
43083	2880	2640	120	120	
43084	3000	2640	120	120	
5386	3120	2640	240	240	
43089	3120	2760	120	120	
43090	3240	2760	120	120	
43091	3120	2640	120	120	
43092	3240	2640	120	120	
5387	2880	2400	240	240	
43097	2880	2520	120	120	
43098	3000	2520	120	120	
43099	2880	2400	120	120	
43100	3000	2400	120	120	
5388	3120	2400	240	240	
43105	3120	2520	120	120	
43106	3240	2520	120	120	
43107	3120	2400	120	120	
43108	3240	2400	120	120	
674	3360	2400	480	480	
5393	3360	2640	240	240	
43145	3360	2760	120	120	
43146	3480	2760	120	120	
43147	3360	2640	120	120	
43148	3480	2640	120	120	
5394	3600	2640	240	240	
43153	3600	2760	120	120	
43154	3720	2760	120	120	
43155	3600	2640	120	120	
43156	3720	2640	120	120	
5395	3360	2400	240	240	
43161	3360	2520	120	120	
43162	3480	2520	120	120	
43163	3360	2400	120	120	
43164	3480	2400	120	120	
5396	3600	2400	240	240	
43169	3600	2520	120	120	
43170	3720	2520	120	120	
43171	3600	2400	120	120	
43172	3720	2400	120	120	
675	2880	1920	480	480	
5401	2880	2160	240	240	
43209	2880	2280	120	120	
43210	3000	2280	120	120	
43211	2880	2160	120	120	
43212	3000	2160	120	120	
5402	3120	2160	240	240	
43217	3120	2280	120	120	
43218	3240	2280	120	120	
43219	3120	2160	120	120	
43220	3240	2160	120	120	
5403	2880	1920	240	240	
43225	2880	2040	120	120	
43226	3000	2040	120	120	
43227	2880	1920	120	120	
43228	3000	1920	120	120	
5404	3120	1920	240	240	
43233	3120	2040	120	120	
43234	3240	2040	120	120	
43235	3120	1920	120	120	
43236	3240	1920	120	120	
676	3360	1920	480	480	
5409	3360	2160	240	240	
43273	3360	2280	120	120	
43274	3480	2280	120	120	
43275	3360	2160	120	120	
43276	3480	2160	120	120	
5410	3600	2160	240	240	
43281	3600	2280	120	120	
43282	3720	2280	120	120	
43283	3600	2160	120	120	
43284	3720	2160	120	120	
5411	3360	1920	240	240	
43289	3360	2040	120	120	
43290	3480	2040	120	120	
43291	3360	1920	120	120	
43292	3480	1920	120	120	
5412	3600	1920	240	240	
43297	3600	2040	120	120	
43298	3720	2040	120	120	
43299	3600	1920	120	120	
43300	3720	1920	120	120	
11	0	0	1920	1920	
89	0	960	960	960	
713	0	1440	480	480	
5705	0	1680	240	240	
45641	0	1800	120	120	
45642	120	1800	120	120	
45643	0	1680	120	120	
45644	120	1680	120	120	
5706	240	1680	240	240	
45649	240	1800	120	120	
45650	360	1800	120	120	
45651	240	1680	120	120	
45652	360	1680	120	120	
5707	0	1440	240	240	
45657	0	1560	120	120	
45658	120	1560	120	120	
45659	0	1440	120	120	
45660	120	1440	120	120	
5708	240	1440	240	240	
45665	240	1560	120	120	
45666	360	1560	120	120	
45667	240	1440	120	120	
45668	360	1440	120	120	
714	480	1440	480	480	
5713	480	1680	240	240	
45705	480	1800	120	120	
45706	600	1800	120	120	
45707	480	1680	120	120	
45708	600	1680	120	120	
5714	720	1680	240	240	
45713	720	1800	120	120	
45714	840	1800	120	120	
45715	720	1680	120	120	
45716	840	1680	120	120	
5715	480	1440	240	240	
45721	480	1560	120	120	
45722	600	1560	120	120	
45723	480	1440	120	120	
45724	600	1440	120	120	
5716	720	1440	240	240	
45729	720	1560	120	120	
45730	840	1560	120	120	
45731	720	1440	120	120	
45732	840	1440	120	120	
715	0	960	480	480	
5721	0	1200	240	240	
45769	0	1320	120	120	
45770	120	1320	120	120	
45771	0	1200	120	120	
45772	120	1200	120	120	
5722	240	1200	240	240	
45777	240	1320	120	120	
45778	360	1320	120	120	
45779	240	1200	120	120	
45780	360	1200	120	120	
5723	0	960	240	240	
45785	0	1080	120	120	
45786	120	1080	120	120	
45787	0	960	120	120	
45788	120	960	120	120	
5724	240	960	240	240	
45793	240	1080	120	120	
45794	360	1080	120	120	
45795	240	960	120	120	
45796	360	960	120	120	
716	480	960	480	480	
5729	480	1200	240	240	
45833	480	1320	120	120	
45834	600	1320	120	120	
45835	480	1200	120	120	
45836	600	1200	120	120	
5730	720	1200	240	240	
45841	720	1320	120	120	
45842	840	1320	120	120	
45843	720	1200	120	120	
45844	840	1200	120	120	
5731	480	960	240	240	
45849	480	1080	120	120	
45850	600	1080	120	120	
45851	480	960	120	120	
45852	600	960	120	120	
5732	720	960	240	240	
45857	720	1080	120	120	
45858	840	1080	120	120	
45859	720	960	120	120	
45860	840	960	120	120	
90	960	960	960	960	
721	960	1440	480	480	
5769	960	1680	240	240	
46153	960	1800	120	120	
46154	1080	1800	120	120	
46155	960	1680	120	120	
46156	1080	1680	120	120	
5770	1200	1680	240	240	
46161	1200	1800	120	120	
46162	1320	1800	120	120	
46163	1200	1680	120	120	
46164	1320	1680	120	120	
5771	960	1440	240	240	
46169	960	1560	120	120	
46170	1080	1560	120	120	
46171	960	1440	120	120	
46172	1080	1440	120	120	
5772	1200	1440	240	240	
46177	1200	1560	120	120	
46178	1320	1560	120	120	
46179	1200	1440	120	120	
46180	1320	1440	120	120	
722	1440	1440	480	480	
5777	1440	1680	240	240	
46217	1440	1800	120	120	
46218	1560	1800	120	120	
46219	1440	1680	120	120	
46220	1560	1680	120	120	
5778	1680	1680	240	240	
46225	1680	1800	120	120	
46226	1800	1800	120	120	
46227	1680	1680	120	120	
46228	1800	1680	120	120	
5779	1440	1440	240	240	
46233	1440	1560	120	120	
46234	1560	1560	120	120	
46235	1440	1440	120	120	
46236	1560	1440	120	120	
5780	1680	1440	240	240	
46241	1680	1560	120	120	
46242	1800	1560	120	120	
46243	1680	1440	120	120	
46244	1800	1440	120	120	
723	960	960	480	480	
5785	960	1200	240	240	
46281	960	1320	120	120	
46282	1080	1320	120	120	
46283	960	1200	120	120	
46284	1080	1200	120	120	
5786	1200	1200	240	240	
46289	1200	1320	120	120	
46290	1320	1320	120	120	
46291	1200	1200	120	120	
46292	1320	1200	120	120	
5787	960	960	240	240	
46297	960	1080	120	120	
46298	1080	1080	120	120	
46299	960	960	120	120	
46300	1080	960	120	120	
5788	1200	960	240	240	
46305	1200	1080	120	120	
46306	1320	1080	120	120	
46307	1200	960	120	120	
46308	1320	960	120	120	
724	1440	960	480	480	
5793	1440	1200	240	240	
46345	1440	1320	120	120	
46346	1560	1320	120	120	
46347	1440	1200	120	120	
46348	1560	1200	120	120	
5794	1680	1200	240	240	
46353	1680	1320	120	120	
46354	1800	1320	120	120	
46355	1680	1200	120	120	
46356	1800	1200	120	120	
5795	1440	960	240	240	
46361	1440	1080	120	120	
46362	1560	1080	120	120	
46363	1440	960	120	120	
46364	1560	960	120	120	
5796	1680	960	240	240	
46369	1680	1080	120	120	
46370	1800	1080	120	120	
46371	1680	960	120	120	
46372	1800	960	120	120	
91	0	0	960	960	
729	0	480	480	480	
5833	0	720	240	240	
46665	0	840	120	120	
46666	120	840	120	120	
46667	0	720	120	120	
46668	120	720	120	120	
5834	240	720	240	240	
46673	240	840	120	120	
46674	360	840	120	120	
46675	240	720	120	120	
46676	360	720	120	120	
5835	0	480	240	240	
46681	0	600	120	120	
46682	120	600	120	120	
46683	0	480	120	120	
46684	120	480	120	120	
5836	240	480	240	240	
46689	240	600	120	120	
46690	360	600	120	120	
46691	240	480	120	120	
46692	360	480	120	120	
730	480	480	480	480	
5841	480	720	240	240	
46729	480	840	120	120	
46730	600	840	120	120	
46731	480	720	120	120	
46732	600	720	120	120	
5842	720	720	240	240	
46737	720	840	120	120	
46738	840	840	120	120	
46739	720	720	120	120	
46740	840	720	120	120	
5843	480	480	240	240	
46745	480	600	120	120	
46746	600	600	120	120	
46747	480	480	120	120	
46748	600	480	120	120	
5844	720	480	240	240	
46753	720	600	120	120	
46754	840	600	120	120	
46755	720	480	120	120	
46756	840	480	120	120	
731	0	0	480	480	
5849	0	240	240	240	0	1	2	3	4	5	6	116	117	118	119	120	121	122	232	233	234	235	236	237	238	348	349	350	351	352	353	354	464	465	466	467	468	469	470	
46793	0	360	120	120	0	1	2	3	116	117	118	119	
46794	120	360	120	120	3	4	5	6	119	120	121	122	
46795	0	240	120	120	116	117	118	119	232	233	234	235	348	349	350	351	464	465	466	467	
46796	120	240	120	120	119	120	121	122	235	236	237	238	351	352	353	354	467	468	469	470	
5850	240	240	240	240	7	8	9	10	11	12	13	14	123	124	125	126	127	128	129	130	239	240	241	242	243	244	245	246	355	356	357	358	359	360	361	362	471	472	473	474	475	476	477	478	
46801	240	360	120	120	7	8	9	10	123	124	125	126	
46802	360	360	120	120	10	11	12	13	14	126	127	128	129	130	
46803	240	240	120	120	123	124	125	126	239	240	241	242	355	356	357	358	471	472	473	474	
46804	360	240	120	120	126	127	128	129	130	242	243	244	245	246	358	359	360	361	362	474	475	476	477	478	
5851	0	0	240	240	580	581	582	583	584	585	586	696	697	698	699	700	701	702	812	813	814	815	816	817	818	928	929	930	931	932	933	934	1044	1045	1046	1047	1048	1049	1050	1160	1161	1162	1163	1164	1165	1166	1276	1277	1278	1279	1280	1281	1282	
46809	0	120	120	120	580	581	582	583	696	697	698	699	812	813	814	815	928	929	930	931	
46810	120	120	120	120	583	584	585	586	699	700	701	702	815	816	817	818	931	932	933	934	
46811	0	0	120	120	928	929	930	931	1044	1045	1046	1047	1160	1161	1162	1163	1276	1277	1278	1279	
46812	120	0	120	120	931	932	933	934	1047	1048	1049	1050	1163	1164	1165	1166	1279	1280	1281	1282	
5852	240	0	240	240	587	588	589	590	591	592	593	594	703	704	705	706	707	708	709	710	819	820	821	822	823	824	825	826	935	936	937	938	939	940	941	942	1051	1052	1053	1054	1055	1056	1057	1058	1167	1168	1169	1170	1171	1172	1173	1174	1283	1284	1285	1286	1287	1288	1289	1290	
46817	240	120	120	120	587	588	589	590	703	704	705	706	819	820	821	822	935	936	937	938	
46818	360	120	120	120	590	591	592	593	594	706	707	708	709	710	822	823	824	825	826	938	939	940	941	942	
46819	240	0	120	120	935	936	937	938	1051	1052	1053	1054	1167	1168	1169	1170	1283	1284	1285	1286	
46820	360	0	120	120	938	939	940	941	942	1054	1055	1056	1057	1058	1170	1171	1172	1173	1174	1286	1287	1288	1289	1290	
732	480	0	480	480	
5857	480	240	240	240	14	15	16	17	18	19	20	21	130	131	132	133	134	135	136	137	246	247	248	249	250	251	252	253	362	363	364	365	366	367	368	369	478	479	480	481	482	483	484	485	
46857	480	360	120	120	14	15	16	17	18	130	131	132	133	134	
46858	600	360	120	120	18	19	20	21	134	135	136	137	
46859	480	240	120	120	130	131	132	133	134	246	247	248	249	250	362	363	364	365	366	478	479	480	481	482	
46860	600	240	120	120	134	135	136	137	250	251	252	253	366	367	368	369	482	483	484	485	
5858	720	240	240	240	22	23	24	25	26	27	28	29	138	139	140	141	142	143	144	145	254	255	256	257	258	259	260	261	370	371	372	373	374	375	376	377	486	487	488	489	490	491	492	493	
46865	720	360	120	120	22	23	24	25	138	139	140	141	
46866	840	360	120	120	25	26	27	28	29	141	142	143	144	145	
46867	720	240	120	120	138	139	140	141	254	255	256	257	370	371	372	373	486	487	488	489	
46868	840	240	120	120	141	142	143	144	145	257	258	259	260	261	373	374	375	376	377	489	490	491	492	493	
5859	480	0	240	240	594	595	596	597	598	599	600	601	710	711	712	713	714	715	716	717	826	827	828	829	830	831	832	833	942	943	944	945	946	947	948	949	1058	1059	1060	1061	1062	1063	1064	1065	1174	1175	1176	1177	1178	1179	1180	1181	1290	1291	1292	1293	1294	1295	1296	1297	
46873	480	120	120	120	594	595	596	597	598	710	711	712	713	714	826	827	828	829	830	942	943	944	945	946	
46874	600	120	120	120	598	599	600	601	714	715	716	717	830	831	832	833	946	947	948	949	
46875	480	0	120	120	942	943	944	945	946	1058	1059	1060	1061	1062	1174	1175	1176	1177	1178	1290	1291	1292	1293	1294	
46876	600	0	120	120	946	947	948	949	1062	1063	1064	1065	1178	1179	1180	1181	1294	1295	1296	1297	
5860	720	0	240	240	602	603	604	605	606	607	608	609	718	719	720	721	722	723	724	725	834	835	836	837	838	839	840	841	950	951	952	953	954	955	956	957	1066	1067	1068	1069	1070	1071	1072	1073	1182	1183	1184	1185	1186	1187	1188	1189	1298	1299	1300	1301	1302	1303	1304	1305	
46881	720	120	120	120	602	603	604	605	718	719	720	721	834	835	836	837	950	951	952	953	
46882	840	120	120	120	605	606	607	608	609	721	722	723	724	725	837	838	839	840	841	953	954	955	956	957	
46883	720	0	120	120	950	951	952	953	1066	1067	1068	1069	1182	1183	1184	1185	1298	1299	1300	1301	
46884	840	0	120	120	953	954	955	956	957	1069	1070	1071	1072	1073	1185	1186	1187	1188	1189	1301	1302	1303	1304	1305	
92	960	0	960	960	
737	960	480	480	480	
5897	960	720	240	240	
47177	960	840	120	120	
47178	1080	840	120	120	
47179	960	720	120	120	
47180	1080	720	120	120	
5898	1200	720	240	240	
47185	1200	840	120	120	
47186	1320	840	120	120	
47187	1200	720	120	120	
47188	1320	720	120	120	
5899	960	480	240	240	
47193	960	600	120	120	
47194	1080	600	120	120	
47195	960	480	120	120	
47196	1080	480	120	120	
5900	1200	480	240	240	
47201	1200	600	120	120	
47202	1320	600	120	120	
47203	1200	480	120	120	
47204	1320	480	120	120	
738	1440	480	480	480	
5905	1440	720	240	240	
47241	1440	840	120	120	
47242	1560	840	120	120	
47243	1440	720	120	120	
47244	1560	720	120	120	
5906	1680	720	240	240	
47249	1680	840	120	120	
47250	1800	840	120	120	
47251	1680	720	120	120	
47252	1800	720	120	120	
5907	1440	480	240	240	
47257	1440	600	120	120	
47258	1560	600	120	120	
47259	1440	480	120	120	
47260	1560	480	120	120	
5908	1680	480	240	240	
47265	1680	600	120	120	
47266	1800	600	120	120	
47267	1680	480	120	120	
47268	1800	480	120	120	
739	960	0	480	480	
5913	960	240	240	240	29	30	31	32	33	34	35	36	145	146	147	148	149	150	151	152	261	262	263	264	265	266	267	268	377	378	379	380	381	382	383	384	493	494	495	496	497	498	499	500	
47305	960	360	120	120	29	30	31	32	33	145	146	147	148	149	
47306	1080	360	120	120	33	34	35	36	149	150	151	152	
47307	960	240	120	120	145	146	147	148	149	261	262	263	264	265	377	378	379	380	381	493	494	495	496	497	
47308	1080	240	120	120	149	150	151	152	265	266	267	268	381	382	383	384	497	498	499	500	
5914	1200	240	240	240	37	38	39	40	41	42	43	44	153	154	155	156	157	158	159	160	269	270	271	272	273	274	275	276	385	386	387	388	389	390	391	392	501	502	503	504	505	506	507	508	
47313	1200	360	120	120	37	38	39	40	153	154	155	156	
47314	1320	360	120	120	40	41	42	43	44	156	157	158	159	160	
47315	1200	240	120	120	153	154	155	156	269	270	271	272	385	386	387	388	501	502	503	504	
47316	1320	240	120	120	156	157	158	159	160	272	273	274	275	276	388	389	390	391	392	504	505	506	507	508	
5915	960	0	240	240	609	610	611	612	613	614	615	616	725	726	727	728	729	730	731	732	841	842	843	844	845	846	847	848	957	958	959	960	961	962	963	964	1073	1074	1075	1076	1077	1078	1079	1080	1189	1190	1191	1192	1193	1194	1195	1196	1305	1306	1307	1308	1309	1310	1311	1312	
47321	960	120	120	120	609	610	611	612	613	725	726	727	728	729	841	842	843	844	845	957	958	959	960	961	
47322	1080	120	120	120	613	614	615	616	729	730	731	732	845	846	847	848	961	962	963	964	
47323	960	0	120	120	957	958	959	960	961	1073	1074	1075	1076	1077	1189	1190	1191	1192	1193	1305	1306	1307	1308	1309	
47324	1080	0	120	120	961	962	963	964	1077	1078	1079	1080	1193	1194	1195	1196	1309	1310	1311	1312	
5916	1200	0	240	240	617	618	619	620	621	622	623	624	733	734	735	736	737	738	739	740	849	850	851	852	853	854	855	856	965	966	967	968	969	970	971	972	1081	1082	1083	1084	1085	1086	1087	1088	1197	1198	1199	1200	1201	1202	1203	1204	1313	1314	1315	1316	1317	1318	1319	1320	
47329	1200	120	120	120	617	618	619	620	733	734	735	736	849	850	851	852	965	966	967	968	
47330	1320	120	120	120	620	621	622	623	624	736	737	738	739	740	852	853	854	855	856	968	969	970	971	972	
47331	1200	0	120	120	965	966	967	968	1081	1082	1083	1084	1197	1198	1199	1200	1313	1314	1315	1316	
47332	1320	0	120	120	968	969	970	971	972	1084	1085	1086	1087	1088	1200	1201	1202	1203	1204	1316	1317	1318	1319	1320	
740	1440	0	480	480	
5921	1440	240	240	240	44	45	46	47	48	49	50	51	160	161	162	163	164	165	166	167	276	277	278	279	280	281	282	283	392	393	394	395	396	397	398	399	508	509	510	511	512	513	514	515	
47369	1440	360	120	120	44	45	46	47	48	160	161	162	163	164	
47370	1560	360	120	120	48	49	50	51	164	165	166	167	
47371	1440	240	120	120	160	161	162	163	164	276	277	278	279	280	392	393	394	395	396	508	509	510	511	512	
47372	1560	240	120	120	164	165	166	167	280	281	282	283	396	397	398	399	512	513	514	515	
5922	1680	240	240	240	52	53	54	55	56	57	58	59	168	169	170	171	172	173	174	175	284	285	286	287	288	289	290	291	400	401	402	403	404	405	406	407	516	517	518	519	520	521	522	523	
47377	1680	360	120	120	52	53	54	55	168	169	170	171	
47378	1800	360	120	120	55	56	57	58	59	171	172	173	174	175	
47379	1680	240	120	120	168	169	170	171	284	285	286	287	400	401	402	403	516	517	518	519	
47380	1800	240	120	120	171	172	173	174	175	287	288	289	290	291	403	404	405	406	407	519	520	521	522	523	
5923	1440	0	240	240	624	625	626	627	628	629	630	631	740	741	742	743	744	745	746	747	856	857	858	859	860	861	862	863	972	973	974	975	976	977	978	979	1088	1089	1090	1091	1092	1093	1094	1095	1204	1205	1206	1207	1208	1209	1210	1211	1320	1321	1322	1323	1324	1325	1326	1327	
47385	1440	120	120	120	624	625	626	627	628	740	741	742	743	744	856	857	858	859	860	972	973	974	975	976	
47386	1560	120	120	120	628	629	630	631	744	745	746	747	860	861	862	863	976	977	978	979	
47387	1440	0	120	120	972	973	974	975	976	1088	1089	1090	1091	1092	1204	1205	1206	1207	1208	1320	1321	1322	1323	1324	
47388	1560	0	120	120	976	977	978	979	1092	1093	1094	1095	1208	1209	1210	1211	1324	1325	1326	1327	
5924	1680	0	240	240	632	633	634	635	636	637	638	639	748	749	750	751	752	753	754	755	864	865	866	867	868	869	870	871	980	981	982	983	984	985	986	987	1096	1097	1098	1099	1100	1101	1102	1103	1212	1213	1214	1215	1216	1217	1218	1219	1328	1329	1330	1331	1332	1333	1334	1335	
47393	1680	120	120	120	632	633	634	635	748	749	750	751	864	865	866	867	980	981	982	983	
47394	1800	120	120	120	635	636	637	638	639	751	752	753	754	755	867	868	869	870	871	983	984	985	986	987	
47395	1680	0	120	120	980	981	982	983	1096	1097	1098	1099	1212	1213	1214	1215	1328	1329	1330	1331	
47396	1800	0	120	120	983	984	985	986	987	1099	1100	1101	1102	1103	1215	1216	1217	1218	1219	1331	1332	1333	1334	1335	
12	1920	0	1920	1920	
97	1920	960	960	960	
777	1920	1440	480	480	
6217	1920	1680	240	240	
49737	1920	1800	120	120	
49738	2040	1800	120	120	
49739	1920	1680	120	120	
49740	2040	1680	120	120	
6218	2160	1680	240	240	
49745	2160	1800	120	120	
49746	2280	1800	120	120	
49747	2160	1680	120	120	
49748	2280	1680	120	120	
6219	1920	1440	240	240	
49753	1920	1560	120	120	
49754	2040	1560	120	120	
49755	1920	1440	120	120	
49756	2040	1440	120	120	
6220	2160	1440	240	240	
49761	2160	1560	120	120	
49762	2280	1560	120	120	
49763	2160	1440	120	120	
49764	2280	1440	120	120	
778	2400	1440	480	480	
6225	2400	1680	240	240	
49801	2400	1800	120	120	
49802	2520	1800	120	120	
49803	2400	1680	120	120	
49804	2520	1680	120	120	
6226	2640	1680	240	240	
49809	2640	1800	120	120	
49810	2760	1800	120	120	
49811	2640	1680	120	120	
49812	2760	1680	120	120	
6227	2400	1440	240	240	
49817	2400	1560	120	120	
49818	2520	1560	120	120	
49819	2400	1440	120	120	
49820	2520	1440	120	120	
6228	2640	1440	240	240	
49825	2640	1560	120	120	
49826	2760	1560	120	120	
49827	2640	1440	120	120	
49828	2760	1440	120	120	
779	1920	960	480	480	
6233	1920	1200	240	240	
49865	1920	1320	120	120	
49866	2040	1320	120	120	
49867	1920	1200	120	120	
49868	2040	1200	120	120	
6234	2160	1200	240	240	
49873	2160	1320	120	120	
49874	2280	1320	120	120	
49875	2160	1200	120	120	
49876	2280	1200	120	120	
6235	1920	960	240	240	
49881	1920	1080	120	120	
49882	2040	1080	120	120	
49883	1920	960	120	120	
49884	2040	960	120	120	
6236	2160	960	240	240	
49889	2160	1080	120	120	
49890	2280	1080	120	120	
49891	2160	960	120	120	
49892	2280	960	120	120	
780	2400	960	480	480	
6241	2400	1200	240	240	
49929	2400	1320	120	120	
49930	2520	1320	120	120	
49931	2400	1200	120	120	
49932	2520	1200	120	120	
6242	2640	1200	240	240	
49937	2640	1320	120	120	
49938	2760	1320	120	120	
49939	2640	1200	120	120	
49940	2760	1200	120	120	
6243	2400	960	240	240	
49945	2400	1080	120	120	
49946	2520	1080	120	120	
49947	2400	960	120	120	
49948	2520	960	120	120	
6244	2640	960	240	240	
49953	2640	1080	120	120	
49954	2760	1080	120	120	
49955	2640	960	120	120	
49956	2760	960	120	120	
98	2880	960	960	960	
785	2880	1440	480	480	
6281	2880	1680	240	240	
50249	2880	1800	120	120	
50250	3000	1800	120	120	
50251	2880	1680	120	120	
50252	3000	1680	120	120	
6282	3120	1680	240	240	
50257	3120	1800	120	120	
50258	3240	1800	120	120	
50259	3120	1680	120	120	
50260	3240	1680	120	120	
6283	2880	1440	240	240	
50265	2880	1560	120	120	
50266	3000	1560	120	120	
50267	2880	1440	120	120	
50268	3000	1440	120	120	
6284	3120	1440	240	240	
50273	3120	1560	120	120	
50274	3240	1560	120	120	
50275	3120	1440	120	120	
50276	3240	1440	120	120	
786	3360	1440	480	480	
6289	3360	1680	240	240	
50313	3360	1800	120	120	
50314	3480	1800	120	120	
50315	3360	1680	120	120	
50316	3480	1680	120	120	
6290	3600	1680	240	240	
50321	3600	1800	120	120	
50322	3720	1800	120	120	
50323	3600	1680	120	120	
50324	3720	1680	120	120	
6291	3360	1440	240	240	
50329	3360	1560	120	120	
50330	3480	1560	120	120	
50331	3360	1440	120	120	
50332	3480	1440	120	120	
6292	3600	1440	240	240	
50337	3600	1560	120	120	
50338	3720	1560	120	120	
50339	3600	1440	120	120	
50340	3720	1440	120	120	
787	2880	960	480	480	
6297	2880	1200	240	240	
50377	2880	1320	120	120	
50378	3000	1320	120	120	
50379	2880	1200	120	120	
50380	3000	1200	120	120	
6298	3120	1200	240	240	
50385	3120	1320	120	120	
50386	3240	1320	120	120	
50387	3120	1200	120	120	
50388	3240	1200	120	120	
6299	2880	960	240	240	
50393	2880	1080	120	120	
50394	3000	1080	120	120	
50395	2880	960	120	120	
50396	3000	960	120	120	
6300	3120	960	240	240	
50401	3120	1080	120	120	
50402	3240	1080	120	120	
50403	3120	960	120	120	
50404	3240	960	120	120	
788	3360	960	480	480	
6305	3360	1200	240	240	
50441	3360	1320	120	120	
50442	3480	1320	120	120	
50443	3360	1200	120	120	
50444	3480	1200	120	120	
6306	3600	1200	240	240	
50449	3600	1320	120	120	
50450	3720	1320	120	120	
50451	3600	1200	120	120	
50452	3720	1200	120	120	
6307	3360	960	240	240	
50457	3360	1080	120	120	
50458	3480	1080	120	120	
50459	3360	960	120	120	
50460	3480	960	120	120	
6308	3600	960	240	240	
50465	3600	1080	120	120	
50466	3720	1080	120	120	
50467	3600	960	120	120	
50468	3720	960	120	120	
99	1920	0	960	960	
793	1920	480	480	480	
6345	1920	720	240	240	
50761	1920	840	120	120	
50762	2040	840	120	120	
50763	1920	720	120	120	
50764	2040	720	120	120	
6346	2160	720	240	240	
50769	2160	840	120	120	
50770	2280	840	120	120	
50771	2160	720	120	120	
50772	2280	720	120	120	
6347	1920	480	240	240	
50777	1920	600	120	120	
50778	2040	600	120	120	
50779	1920	480	120	120	
50780	2040	480	120	120	
6348	2160	480	240	240	
50785	2160	600	120	120	
50786	2280	600	120	120	
50787	2160	480	120	120	
50788	2280	480	120	120	
794	2400	480	480	480	
6353	2400	720	240	240	
50825	2400	840	120	120	
50826	2520	840	120	120	
50827	2400	720	120	120	
50828	2520	720	120	120	
6354	2640	720	240	240	
50833	2640	840	120	120	
50834	2760	840	120	120	
50835	2640	720	120	120	
50836	2760	720	120	120	
6355	2400	480	240	240	
50841	2400	600	120	120	
50842	2520	600	120	120	
50843	2400	480	120	120	
50844	2520	480	120	120	
6356	2640	480	240	240	
50849	2640	600	120	120	
50850	2760	600	120	120	
50851	2640	480	120	120	
50852	2760	480	120	120	
795	1920	0	480	480	
6361	1920	240	240	240	59	60	61	62	63	64	65	66	175	176	177	178	179	180	181	182	291	292	293	294	295	296	297	298	407	408	409	410	411	412	413	414	523	524	525	526	527	528	529	530	
50889	1920	360	120	120	59	60	61	62	63	175	176	177	178	179	
50890	2040	360	120	120	63	64	65	66	179	180	181	182	
50891	1920	240	120	120	175	176	177	178	179	291	292	293	294	295	407	408	409	410	411	523	524	525	526	527	
50892	2040	240	120	120	179	180	181	182	295	296	297	298	411	412	413	414	527	528	529	530	
6362	2160	240	240	240	67	68	69	70	71	72	73	74	183	184	185	186	187	188	189	190	299	300	301	302	303	304	305	306	415	416	417	418	419	420	421	422	531	532	533	534	535	536	537	538	
50897	2160	360	120	120	67	68	69	70	183	184	185	186	
50898	2280	360	120	120	70	71	72	73	74	186	187	188	189	190	
50899	2160	240	120	120	183	184	185	186	299	300	301	302	415	416	417	418	531	532	533	534	
50900	2280	240	120	120	186	187	188	189	190	302	303	304	305	306	418	419	420	421	422	534	535	536	537	538	
6363	1920	0	240	240	639	640	641	642	643	644	645	646	755	756	757	758	759	760	761	762	871	872	873	874	875	876	877	878	987	988	989	990	991	992	993	994	1103	1104	1105	1106	1107	1108	1109	1110	1219	1220	1221	1222	1223	1224	1225	1226	1335	1336	1337	1338	1339	1340	1341	1342	
50905	1920	120	120	120	639	640	641	642	643	755	756	757	758	759	871	872	873	874	875	987	988	989	990	991	
50906	2040	120	120	120	643	644	645	646	759	760	761	762	875	876	877	878	991	992	993	994	
50907	1920	0	120	120	987	988	989	990	991	1103	1104	1105	1106	1107	1219	1220	1221	1222	1223	1335	1336	1337	1338	1339	
50908	2040	0	120	120	991	992	993	994	1107	1108	1109	1110	1223	1224	1225	1226	1339	1340	1341	1342	
6364	2160	0	240	240	647	648	649	650	651	652	653	654	763	764	765	766	767	768	769	770	879	880	881	882	883	884	885	886	995	996	997	998	999	1000	1001	1002	1111	1112	1113	1114	1115	1116	1117	1118	1227	1228	1229	1230	1231	1232	1233	1234	1343	1344	1345	1346	1347	1348	1349	1350	
50913	2160	120	120	120	647	648	649	650	763	764	765	766	879	880	881	882	995	996	997	998	
50914	2280	120	120	120	650	651	652	653	654	766	767	768	769	770	882	883	884	885	886	998	999	1000	1001	1002	
50915	2160	0	120	120	995	996	997	998	1111	1112	1113	1114	1227	1228	1229	1230	1343	1344	1345	1346	
50916	2280	0	120	120	998	999	1000	1001	1002	1114	1115	1116	1117	1118	1230	1231	1232	1233	1234	1346	1347	1348	1349	1350	
796	2400	0	480	480	
6369	2400	240	240	240	74	75	76	77	78	79	80	81	190	191	192	193	194	195	196	197	306	307	308	309	310	311	312	313	422	423	424	425	426	427	428	429	538	539	540	541	542	543	544	545	
50953	2400	360	120	120	74	75	76	77	78	190	191	192	193	194	
50954	2520	360	120	120	78	79	80	81	194	195	196	197	
50955	2400	240	120	120	190	191	192	193	194	306	307	308	309	310	422	423	424	425	426	538	539	540	541	542	
50956	2520	240	120	120	194	195	196	197	310	311	312	313	426	427	428	429	542	543	544	545	
6370	2640	240	240	240	82	83	84	85	86	87	88	89	198	199	200	201	202	203	204	205	314	315	316	317	318	319	320	321	430	431	432	433	434	435	436	437	546	547	548	549	550	551	552	553	
50961	2640	360	120	120	82	83	84	85	198	199	200	201	
50962	2760	360	120	120	85	86	87	88	89	201	202	203	204	205	
50963	2640	240	120	120	198	199	200	201	314	315	316	317	430	431	432	433	546	547	548	549	
50964	2760	240	120	120	201	202	203	204	205	317	318	319	320	321	433	434	435	436	437	549	550	551	552	553	
6371	2400	0	240	240	654	655	656	657	658	659	660	661	770	771	772	773	774	775	776	777	886	887	888	889	890	891	892	893	1002	1003	1004	1005	1006	1007	1008	1009	1118	1119	1120	1121	1122	1123	1124	1125	1234	1235	1236	1237	1238	1239	1240	1241	1350	1351	1352	1353	1354	1355	1356	1357	
50969	2400	120	120	120	654	655	656	657	658	770	771	772	773	774	886	887	888	889	890	1002	1003	1004	1005	1006	
50970	2520	120	120	120	658	659	660	661	774	775	776	777	890	891	892	893	1006	1007	1008	1009	
50971	2400	0	120	120	1002	1003	1004	1005	1006	1118	1119	1120	1121	1122	1234	1235	1236	1237	1238	1350	1351	1352	1353	1354	
50972	2520	0	120	120	1006	1007	1008	1009	1122	1123	1124	1125	1238	1239	1240	1241	1354	1355	1356	1357	
6372	2640	0	240	240	662	663	664	665	666	667	668	669	778	779	780	781	782	783	784	785	894	895	896	897	898	899	900	901	1010	1011	1012	1013	1014	1015	1016	1017	1126	1127	1128	1129	1130	1131	1132	1133	1242	1243	1244	1245	1246	1247	1248	1249	1358	1359	1360	1361	1362	1363	1364	1365	
50977	2640	120	120	120	662	663	664	665	778	779	780	781	894	895	896	897	1010	1011	1012	1013	
50978	2760	120	120	120	665	666	667	668	669	781	782	783	784	785	897	898	899	900	901	1013	1014	1015	1016	1017	
50979	2640	0	120	120	1010	1011	1012	1013	1126	1127	1128	1129	1242	1243	1244	1245	1358	1359	1360	1361	
50980	2760	0	120	120	1013	1014	1015	1016	1017	1129	1130	1131	1132	1133	1245	1246	1247	1248	1249	1361	1362	1363	1364	1365	
100	2880	0	960	960	
801	2880	480	480	480	
6409	2880	720	240	240	
51273	2880	840	120	120	
51274	3000	840	120	120	
51275	2880	720	120	120	
51276	3000	720	120	120	
6410	3120	720	240	240	
51281	3120	840	120	120	
51282	3240	840	120	120	
51283	3120	720	120	120	
51284	3240	720	120	120	
6411	2880	480	240	240	
51289	2880	600	120	120	
51290	3000	600	120	120	
51291	2880	480	120	120	
51292	3000	480	120	120	
6412	3120	480	240	240	
51297	3120	600	120	120	
51298	3240	600	120	120	
51299	3120	480	120	120	
51300	3240	480	120	120	
802	3360	480	480	480	
6417	3360	720	240	240	
51337	3360	840	120	120	
51338	3480	840	120	120	
51339	3360	720	120	120	
51340	3480	720	120	120	
6418	3600	720	240	240	
51345	3600	840	120	120	
51346	3720	840	120	120	
51347	3600	720	120	120	
51348	3720	720	120	120	
6419	3360	480	240	240	
51353	3360	600	120	120	
51354	3480	600	120	120	
51355	3360	480	120	120	
51356	3480	480	120	120	
6420	3600	480	240	240	
51361	3600	600	120	120	
51362	3720	600	120	120	
51363	3600	480	120	120	
51364	3720	480	120	120	
803	2880	0	480	480	
6425	2880	240	240	240	89	90	91	92	93	94	95	96	205	206	207	208	209	210	211	212	321	322	323	324	325	326	327	328	437	438	439	440	441	442	443	444	553	554	555	556	557	558	559	560	
51401	2880	360	120	120	89	90	91	92	93	205	206	207	208	209	
51402	3000	360	120	120	93	94	95	96	209	210	211	212	
51403	2880	240	120	120	205	206	207	208	209	321	322	323	324	325	437	438	439	440	441	553	554	555	556	557	
51404	3000	240	120	120	209	210	211	212	325	326	327	328	441	442	443	444	557	558	559	560	
6426	3120	240	240	240	97	98	99	100	101	102	103	104	213	214	215	216	217	218	219	220	329	330	331	332	333	334	335	336	445	446	447	448	449	450	451	452	561	562	563	564	565	566	567	568	
51409	3120	360	120	120	97	98	99	100	213	214	215	216	
51410	3240	360	120	120	100	101	102	103	104	216	217	218	219	220	
51411	3120	240	120	120	213	214	215	216	329	330	331	332	445	446	447	448	561	562	563	564	
51412	3240	240	120	120	216	217	218	219	220	332	333	334	335	336	448	449	450	451	452	564	565	566	567	568	
6427	2880	0	240	240	669	670	671	672	673	674	675	676	785	786	787	788	789	790	791	792	901	902	903	904	905	906	907	908	1017	1018	1019	1020	1021	1022	1023	1024	1133	1134	1135	1136	1137	1138	1139	1140	1249	1250	1251	1252	1253	1254	1255	1256	1365	1366	1367	1368	1369	1370	1371	1372	
51417	2880	120	120	120	669	670	671	672	673	785	786	787	788	789	901	902	903	904	905	1017	1018	1019	1020	1021	
51418	3000	120	120	120	673	674	675	676	789	790	791	792	905	906	907	908	1021	1022	1023	1024	
51419	2880	0	120	120	1017	1018	1019	1020	1021	1133	1134	1135	1136	1137	1249	1250	1251	1252	1253	1365	1366	1367	1368	1369	
51420	3000	0	120	120	1021	1022	1023	1024	1137	1138	1139	1140	1253	1254	1255	1256	1369	1370	1371	1372	
6428	3120	0	240	240	677	678	679	680	681	682	683	684	793	794	795	796	797	798	799	800	909	910	911	912	913	914	915	916	1025	1026	1027	1028	1029	1030	1031	1032	1141	1142	1143	1144	1145	1146	1147	1148	1257	1258	1259	1260	1261	1262	1263	1264	1373	1374	1375	1376	1377	1378	1379	1380	
51425	3120	120	120	120	677	678	679	680	793	794	795	796	909	910	911	912	1025	1026	1027	1028	
51426	3240	120	120	120	680	681	682	683	684	796	797	798	799	800	912	913	914	915	916	1028	1029	1030	1031	1032	
51427	3120	0	120	120	1025	1026	1027	1028	1141	1142	1143	1144	1257	1258	1259	1260	1373	1374	1375	1376	
51428	3240	0	120	120	1028	1029	1030	1031	1032	1144	1145	1146	1147	1148	1260	1261	1262	1263	1264	1376	1377	1378	1379	1380	
804	3360	0	480	480	
6433	3360	240	240	240	104	105	106	107	108	109	110	111	220	221	222	223	224	225	226	227	336	337	338	339	340	341	342	343	452	453	454	455	456	457	458	459	568	569	570	571	572	573	574	575	
51465	3360	360	120	120	104	105	106	107	108	220	221	222	223	224	
51466	3480	360	120	120	108	109	110	111	224	225	226	227	
51467	3360	240	120	120	220	221	222	223	224	336	337	338	339	340	452	453	454	455	456	568	569	570	571	572	
51468	3480	240	120	120	224	225	226	227	340	341	342	343	456	457	458	459	572	573	574	575	
6434	3600	240	240	240	112	113	114	115	228	229	230	231	344	345	346	347	460	461	462	463	576	577	578	579	
51473	3600	360	120	120	112	113	114	115	228	229	230	231	
51474	3720	360	120	120	115	231	
51475	3600	240	120	120	228	229	230	231	344	345	346	347	460	461	462	463	576	577	578	579	
51476	3720	240	120	120	231	347	463	579	
6435	3360	0	240	240	684	685	686	687	688	689	690	691	800	801	802	803	804	805	806	807	916	917	918	919	920	921	922	923	1032	1033	1034	1035	1036	1037	1038	1039	1148	1149	1150	1151	1152	1153	1154	1155	1264	1265	1266	1267	1268	1269	1270	1271	1380	1381	1382	1383	1384	1385	1386	1387	
51481	3360	120	120	120	684	685	686	687	688	800	801	802	803	804	916	917	918	919	920	1032	1033	1034	1035	1036	
51482	3480	120	120	120	688	689	690	691	804	805	806	807	920	921	922	923	1036	1037	1038	1039	
51483	3360	0	120	120	1032	1033	1034	1035	1036	1148	1149	1150	1151	1152	1264	1265	1266	1267	1268	1380	1381	1382	1383	1384	
51484	3480	0	120	120	1036	1037	1038	1039	1152	1153	1154	1155	1268	1269	1270	1271	1384	1385	1386	1387	
6436	3600	0	240	240	692	693	694	695	808	809	810	811	924	925	926	927	1040	1041	1042	1043	1156	1157	1158	1159	1272	1273	1274	1275	1388	1389	1390	1391	
51489	3600	120	120	120	692	693	694	695	808	809	810	811	924	925	926	927	1040	1041	1042	1043	
51490	3720	120	120	120	695	811	927	1043	
51491	3600	0	120	120	1040	1041	1042	1043	1156	1157	1158	1159	1272	1273	1274	1275	1388	1389	1390	1391	
51492	3720	0	120	120	1043	1159	1275	1391